,wav,maggies
0,69946461.75455597,3.3053124982782215e-12
1,69560989.40267283,3.3216620295726433e-12
2,69177641.37459885,3.3381220278964196e-12
3,68796405.9632643,3.3549951443397967e-12
4,68417271.52611686,3.3726627987179014e-12
5,68040226.48476599,3.3902331466086992e-12
6,67665259.32462887,3.4077174737531675e-12
7,67292358.59457953,3.4263099648566377e-12
8,66921512.90659837,3.4454226113459558e-12
9,66552710.93542498,3.464605141610986e-12
10,66185941.41821205,3.48432865781573e-12
11,65821193.15418113,3.504648860215264e-12
12,65458455.00428125,3.525527652451916e-12
13,65097715.89084791,3.5466862912697234e-12
14,64738964.79726552,3.5676627443022008e-12
15,64382190.76763062,3.5891206199137625e-12
16,64027382.90641709,3.611155362543549e-12
17,63674530.378143966,3.633992817515853e-12
18,63323622.40704392,3.657414890095601e-12
19,62974648.27673472,3.681363932649718e-12
20,62627597.32989162,3.705792886783628e-12
21,62282458.967921935,3.7306804424348556e-12
22,61939222.65064156,3.7558036486299146e-12
23,61597877.89595279,3.78138652606622e-12
24,61258414.27952453,3.8075791589992704e-12
25,60920821.43447375,3.834416645934845e-12
26,60585089.05104881,3.861881618071232e-12
27,60251206.87631491,3.8897000146531486e-12
28,59919164.71384056,3.917965151056114e-12
29,59588952.42338668,3.946623424018964e-12
30,59260559.92059658,3.975989095912444e-12
31,58933977.17668792,4.0061284112421175e-12
32,58609194.2181469,4.0371872014946415e-12
33,58286201.1264231,4.0689165635465245e-12
34,57964988.03762704,4.101127682931867e-12
35,57645545.1422288,4.1340396235422834e-12
36,57327862.68475821,4.167653281895038e-12
37,57011930.96350736,4.201587271889841e-12
38,56697740.33023388,4.236194284387224e-12
39,56385281.1898667,4.271799669909027e-12
40,56074544.00021278,4.308055468127306e-12
41,55765519.271665625,4.3449488411472684e-12
42,55458197.566915765,4.3825837967940974e-12
43,55152569.500662275,4.420975264472392e-12
44,54848625.739326425,4.460143013597597e-12
45,54546357.00076626,4.500029135961827e-12
46,54245754.05399357,4.540655090407081e-12
47,53946807.71889176,4.58216192420074e-12
48,53649508.86593535,4.624414621172568e-12
49,53353848.415911555,4.66720259712892e-12
50,53059817.33964259,4.710682692902464e-12
51,52767406.6577103,4.7549627265979135e-12
52,52476607.44018171,4.801262592258167e-12
53,52187410.806336276,4.848690818770337e-12
54,51899807.92439501,4.8965651584390275e-12
55,51613790.01125022,4.945537672893144e-12
56,51329348.33219784,4.99563044098734e-12
57,51046474.200670384,5.04620512831589e-12
58,50765158.97797161,5.097756035725581e-12
59,50485394.07301297,5.150786979069986e-12
60,50207170.9420509,5.2047133228934245e-12
61,49930481.08842623,5.259517225214819e-12
62,49655316.06230459,5.315508633743364e-12
63,49381667.46041816,5.372621563243978e-12
64,49109526.92580941,5.430776626361525e-12
65,48838886.147575505,5.4905121989992216e-12
66,48569736.86061487,5.551840682231933e-12
67,48302070.84537453,5.613728208495224e-12
68,48035879.92759905,5.6766797794458965e-12
69,47771155.97808122,5.740999843275582e-12
70,47507890.91241337,5.80657071895055e-12
71,47246076.69074088,5.873420844077472e-12
72,46985705.31751636,5.941797755189921e-12
73,46726768.84125562,6.0115907413305844e-12
74,46469259.354294874,6.08279385981725e-12
75,46213168.99254901,6.154807045238303e-12
76,45958489.93527174,6.2277390515899705e-12
77,45705214.40481662,6.303399254877168e-12
78,45453334.6663994,6.380990627247346e-12
79,45202843.0278621,6.460195836654982e-12
80,44953731.83943777,6.540841513430725e-12
81,44705993.49351722,6.622946383290435e-12
82,44459620.424416326,6.706635173423069e-12
83,44214605.108145304,6.791841442124338e-12
84,43970940.0621788,6.878291608543397e-12
85,43728617.84522726,6.966720298971762e-12
86,43487631.05700994,7.057249488013285e-12
87,43247972.33802864,7.150792630578745e-12
88,43009634.36934316,7.245850476414804e-12
89,42772609.87234777,7.340417025703443e-12
90,42536891.60854867,7.43858500048843e-12
91,42302472.379343346,7.540500559157752e-12
92,42069345.02580034,7.641824720066961e-12
93,41837502.428440906,7.745005527109636e-12
94,41606937.507021494,7.852440117121983e-12
95,41377643.22031739,7.961223898533673e-12
96,41149612.565907985,8.071290201569888e-12
97,40922838.57996255,8.184918268392973e-12
98,40697314.33702793,8.300545243727743e-12
99,40473032.94981685,8.416155841718246e-12
100,40249987.56899751,8.536067845741515e-12
101,40028171.38298471,8.660441700454366e-12
102,39807577.61773145,8.784151342612258e-12
103,39588199.53652239,8.910363808169898e-12
104,39370030.439767964,9.042507184486911e-12
105,39153063.66479969,9.17536276402846e-12
106,38937292.58566694,9.308779481547744e-12
107,38722710.61293433,9.445519046098021e-12
108,38509311.19348073,9.585742391294177e-12
109,38297087.8102989,9.730629956560623e-12
110,38086033.98229666,9.877519885602623e-12
111,37876143.26409892,1.002646149467555e-11
112,37667409.24585068,1.0180693619919526e-11
113,37459825.55302155,1.0338095973173437e-11
114,37253385.8462109,1.049665884661981e-11
115,37048083.820954226,1.0657696850409162e-11
116,36843913.20753082,1.0821509740394661e-11
117,36640867.77077205,1.0989968260439183e-11
118,36438941.30987116,1.1161913667577139e-11
119,36238127.658193745,1.133627540236735e-11
120,36038420.68308952,1.1515207143465277e-11
121,35839814.28570506,1.1698860145301178e-11
122,35642302.40079738,1.1884776603309839e-11
123,35445878.996548906,1.2074566721944686e-11
124,35250538.07438321,1.2270245751614792e-11
125,35056273.66878168,1.2468648929363363e-11
126,34863079.847101614,1.2669626777677826e-11
127,34670950.70939471,1.2874140292618208e-11
128,34479880.38822722,1.3082988460430466e-11
129,34289863.04850048,1.3297506832098166e-11
130,34100892.88727291,1.3518228225768326e-11
131,33912964.133582756,1.3744789886545478e-11
132,33726071.0482717,1.396993992433761e-11
133,33540207.923809856,1.4198678606183525e-11
134,33355369.08412118,1.4435090696350536e-11
135,33171548.884410374,1.4678058274797686e-11
136,32988741.710990418,1.492750478498557e-11
137,32806941.98111097,1.518079443238804e-11
138,32626144.142788205,1.543773495186715e-11
139,32446342.674634885,1.5696327162804642e-11
140,32267532.085692078,1.5963495076986198e-11
141,32089706.91526129,1.6239593492945353e-11
142,31912861.732737668,1.651776269379859e-11
143,31736991.137444314,1.6800006816967026e-11
144,31562089.75846715,1.7086541040593726e-11
145,31388152.254491143,1.738048080154783e-11
146,31215173.313636895,1.7682651245588046e-11
147,31043147.65329871,1.7995905038352356e-11
148,30872070.0199831,1.8313540388448757e-11
149,30701935.189148307,1.8626420420291373e-11
150,30532737.96504492,1.8949208356964202e-11
151,30364473.18055711,1.928288444585809e-11
152,30197135.697044734,1.9619727838486556e-11
153,30030720.404186636,1.9963810393881045e-11
154,29865222.219824325,2.0320695476877948e-11
155,29700636.08980702,2.0683058291136024e-11
156,29536956.987837035,2.1050752890547005e-11
157,29374179.91531655,2.143140431821393e-11
158,29212299.90119481,2.181823821321015e-11
159,29051312.001816243,2.2202306214680874e-11
160,28891211.300769683,2.2600805226039595e-11
161,28731992.90873811,2.301498155013927e-11
162,28573651.96334926,2.3429175617147305e-11
163,28416183.62902736,2.3850839405411732e-11
164,28259583.096845172,2.4286416337744568e-11
165,28103845.58437742,2.472721503099771e-11
166,27948966.33555444,2.517355914716244e-11
167,27794940.620517228,2.5638088270750806e-11
168,27641763.73547281,2.6110983649757783e-11
169,27489431.002550595,2.6581252422052825e-11
170,27337937.76965965,2.706937907112022e-11
171,27187279.410346434,2.7576512034356655e-11
172,27037451.32365372,2.8081449925191154e-11
173,26888448.93397997,2.859537120859283e-11
174,26740267.690939523,2.91280800716496e-11
175,26592903.069223862,2.9668273655721734e-11
176,26446350.56846314,3.021618466726488e-11
177,26300605.713088993,3.0785639151567884e-11
178,26155664.05219771,3.1364290350018404e-11
179,26011521.1594143,3.1937379480681085e-11
180,25868172.63275744,3.252739322450179e-11
181,25725614.094504885,3.3136906926612296e-11
182,25583841.191059925,3.3766118995880446e-11
183,25442849.59281829,3.440553318577987e-11
184,25302634.99403604,3.5041748659512954e-11
185,25163193.11269807,3.5705424911399516e-11
186,25024519.690387193,3.6398710030674684e-11
187,24886610.49215428,3.7086335218533714e-11
188,24749461.306388874,3.777954702731231e-11
189,24613067.944690444,3.847848549660365e-11
190,24477426.241740696,3.9201316883948527e-11
191,24342532.05517614,3.995107241701378e-11
192,24208381.265461788,4.072503877167583e-11
193,24074969.775765195,4.1511238414561324e-11
194,23942293.51183144,4.229323328675667e-11
195,23810348.42185869,4.309776820003901e-11
196,23679130.476374373,4.3926559536348395e-11
197,23548635.668112226,4.476559505454455e-11
198,23418860.01188994,4.5618273344814605e-11
199,23289799.54448728,4.648395983822436e-11
200,23161450.324525286,4.737639970747056e-11
201,23033808.43234569,4.829685681048079e-11
202,22906869.96989141,4.922849479521049e-11
203,22780631.06058732,5.017541683262971e-11
204,22655087.849222023,5.113747231154562e-11
205,22530236.501830056,5.2129920834950964e-11
206,22406073.205574717,5.315133447818155e-11
207,22282594.168631803,5.416086359095138e-11
208,22159795.62007362,5.518736955659312e-11
209,22037673.809754003,5.6255897183418575e-11
210,21916225.00819363,5.735953797761982e-11
211,21795445.50646625,5.849530862863141e-11
212,21675331.616085373,5.961908431969157e-11
213,21555879.66889156,6.076159176445481e-11
214,21437086.01694052,6.19481711403044e-11
215,21318947.032391652,6.315418730625764e-11
216,21201459.107397173,6.437779412930507e-11
217,21084618.653992128,6.561942933355239e-11
218,20968422.103984594,6.689086356574636e-11
219,20852865.908846915,6.821215567165569e-11
220,20737946.539607145,6.955767260929036e-11
221,20623660.486741446,7.092487729984216e-11
222,20510004.260066852,7.230751331190137e-11
223,20396974.38863456,7.371172194869173e-11
224,20284567.42062413,7.513568390823959e-11
225,20172779.92323797,7.660804047386688e-11
226,20061608.482596442,7.812660207582587e-11
227,19951049.70363376,7.962391809131956e-11
228,19841100.209994126,8.114465895486051e-11
229,19731756.64392882,8.272652196340216e-11
230,19623015.666193433,8.436958323274854e-11
231,19514873.9559461,8.60706320119504e-11
232,19407328.210645977,8.773909330352782e-11
233,19300375.145952348,8.943477023596267e-11
234,19194011.495624423,9.1211770439626e-11
235,19088234.01142155,9.302008413619534e-11
236,18983039.46300397,9.485488765539125e-11
237,18878424.637834255,9.671007568424414e-11
238,18774386.341079082,9.861250762380726e-11
239,18670921.395511832,1.0060524825839987e-10
240,18568026.641415354,1.0258998337161477e-10
241,18465698.93648568,1.0456896388969325e-10
242,18363935.155735925,1.0662891573176123e-10
243,18262732.191400856,1.0874322274750332e-10
244,18162086.952842053,1.1089681631022681e-10
245,18061996.366453514,1.1311339141007634e-10
246,17962457.375567727,1.1538927258540616e-10
247,17863466.940362334,1.176292602591118e-10
248,17765022.037767388,1.1990333558968495e-10
249,17667119.66137296,1.2226601782377995e-10
250,17569756.82133729,1.2464290809369448e-10
251,17472930.544295553,1.2702669252165528e-10
252,17376637.873269055,1.2940518901932087e-10
253,17280875.86757483,1.3180622263297692e-10
254,17185641.60273598,1.3422835152832118e-10
255,17090932.170392238,1.3673095830052097e-10
256,16996744.67821125,1.3932048001050324e-10
257,16903076.24980014,1.4191947231285885e-10
258,16809924.024617765,1.4453545516842973e-10
259,16717285.157887341,1.4713864183427726e-10
260,16625156.820509473,1.4978347720583468e-10
261,16533536.198975885,1.5247241190831276e-10
262,16442420.49528344,1.551734701655479e-10
263,16351806.926848639,1.5793129450520144e-10
264,16261692.726422774,1.608123116120375e-10
265,16172075.142007265,1.637408718264088e-10
266,16082951.436769765,1.6670784725873663e-10
267,15994318.888960436,1.6969645212478272e-10
268,15906174.791828962,1.7273096751866724e-10
269,15818516.453541823,1.7582494311107625e-10
270,15731341.197100036,1.789334763604939e-10
271,15644646.360257523,1.8206172494323817e-10
272,15558429.29543974,1.8536070850281842e-10
273,15472687.369662765,1.8874515612111086e-10
274,15387417.96445305,1.921407083688181e-10
275,15302618.475767262,1.9559949622403416e-10
276,15218286.313912923,1.991240622929986e-10
277,15134418.903469209,2.026866386357144e-10
278,15051013.68320837,2.0631586689470334e-10
279,14968068.106017504,2.1004297296043968e-10
280,14885579.638820695,2.1399726041147534e-10
281,14803545.762501767,2.181957497184424e-10
282,14721963.971827293,2.2232599395334026e-10
283,14640831.77537007,2.265595575737756e-10
284,14560146.695433063,2.3096616331485502e-10
285,14479906.267973749,2.3529948877293723e-10
286,14400108.042528864,2.3949405835801217e-10
287,14320749.5821395,2.4351074275234806e-10
288,14241828.463276798,2.475142561410568e-10
289,14163342.275767861,2.5157434698209407e-10
290,14085288.62272214,2.555692687878389e-10
291,14007665.120458297,2.595450747539276e-10
292,13930469.398431333,2.6379976460446084e-10
293,13853699.099160282,2.682386174514393e-10
294,13777351.87815611,2.7279963607865397e-10
295,13701425.403850231,2.7748242903933537e-10
296,13625917.357523236,2.8226962962411166e-10
297,13550825.433234049,2.8708128184754406e-10
298,13476147.33774959,2.919636357117298e-10
299,13401880.790474715,2.969487137402434e-10
300,13328023.523382498,3.021152039041519e-10
301,13254573.280945089,3.0748251742366597e-10
302,13181527.820064709,3.1291663271871496e-10
303,13108884.910005264,3.1842321275661796e-10
304,13036642.332324116,3.239821455005737e-10
305,12964797.880804406,3.2961298898496036e-10
306,12893349.361387674,3.353150446720708e-10
307,12822294.592106776,3.410336760311057e-10
308,12751631.40301936,3.468231721431084e-10
309,12681357.636141544,3.526948244237028e-10
310,12611471.145381968,3.5862536773172433e-10
311,12541969.796476364,3.646274994634037e-10
312,12472851.46692226,3.709406654391027e-10
313,12404114.04591426,3.7743186039018887e-10
314,12335755.434279501,3.8400497666481844e-10
315,12267773.544413613,3.9064970069046213e-10
316,12200166.300216932,3.9736814601054965e-10
317,12132931.637031073,4.041711218588671e-10
318,12066067.501575945,4.110581169566684e-10
319,11999571.851886999,4.1798727227460426e-10
320,11933442.65725285,4.250134081840054e-10
321,11867677.898153309,4.3215985748857547e-10
322,11802275.566197686,4.397270855208838e-10
323,11737233.66406347,4.475378321252965e-10
324,11672550.205435293,4.554937269149169e-10
325,11608223.214944309,4.634104497160474e-10
326,11544250.728107877,4.713964496698845e-10
327,11480630.791269505,4.801351311891584e-10
328,11417361.461539282,4.89487104298496e-10
329,11354440.806734424,4.993921245620876e-10
330,11291866.905320402,5.100139615224329e-10
331,11229637.846352147,5.211943819596334e-10
332,11167751.729415752,5.316251496649994e-10
333,11106206.664570447,5.416945169142103e-10
334,11045000.772290792,5.507966185008208e-10
335,10984132.183409398,5.595373359333189e-10
336,10923599.039059788,5.679751322026004e-10
337,10863399.490619577,5.760231939184695e-10
338,10803531.699654128,5.842589983581991e-10
339,10743993.837860303,5.92707183823668e-10
340,10684784.087010723,6.017351849765678e-10
341,10625900.63889813,6.113010883758228e-10
342,10567341.695280291,6.213897693714578e-10
343,10509105.467824988,6.318510435927556e-10
344,10451190.178055432,6.426332055026756e-10
345,10393594.057295963,6.536640627058156e-10
346,10336315.346618038,6.649557935849239e-10
347,10279352.29678647,6.769582778479906e-10
348,10222703.16820608,6.890907107878842e-10
349,10166366.230868505,7.006224497065463e-10
350,10110339.76429942,7.125264383335084e-10
351,10054622.057505934,7.249039363003699e-10
352,9999211.408924406,7.371487391884296e-10
353,9944106.126368452,7.493714318063103e-10
354,9889304.526977226,7.614115083535986e-10
355,9834804.937164107,7.732915769785424e-10
356,9780605.692565532,7.849868691190367e-10
357,9726705.137990182,7.96329065211221e-10
358,9673101.627368422,8.077038661006668e-10
359,9619793.52370207,8.194110685089727e-10
360,9566779.199014382,8.305013370331446e-10
361,9514057.034300305,8.410595639834666e-10
362,9461625.419477083,8.520656892490223e-10
363,9409482.753335075,8.63032151922546e-10
364,9357627.44348882,8.732846823567118e-10
365,9306057.906328458,8.838910602964872e-10
366,9254772.566971326,8.949925130846438e-10
367,9203769.859213904,9.062383488294148e-10
368,9153048.225483928,9.175848721114237e-10
369,9102606.116792887,9.289191596094209e-10
370,9052441.992688684,9.40422738561199e-10
371,9002554.321208574,9.521682552767788e-10
372,8952941.578832423,9.649107204192745e-10
373,8903602.250436168,9.778916134369116e-10
374,8854534.8292455,9.903924344631032e-10
375,8805737.816789934,1.0030389401173456e-09
376,8757209.722856961,1.0159492584926354e-09
377,8708949.06544661,1.0300063666138826e-09
378,8660954.370726122,1.0445683331546936e-09
379,8613224.172985004,1.0590095656939668e-09
380,8565757.014590243,1.0727197090490868e-09
381,8518551.445941754,1.0858824116177981e-09
382,8471606.025428174,1.0997182700807024e-09
383,8424919.319382804,1.1138786024038794e-09
384,8378489.90203981,1.1279756478616681e-09
385,8332316.355490725,1.1422565090969863e-09
386,8286397.269641093,1.156756683579823e-09
387,8240731.242167476,1.1714904697356578e-09
388,8195316.878474544,1.1867108348813794e-09
389,8150152.79165256,1.2031432109670811e-09
390,8105237.602435001,1.2192077350792949e-09
391,8060569.939156397,1.2349126993715885e-09
392,8016148.437710503,1.2517625024257396e-09
393,7971971.741508613,1.2686892562725444e-09
394,7928038.501438119,1.2845842578831146e-09
395,7884347.375821313,1.301469697607714e-09
396,7840897.030374446,1.3195304112016294e-09
397,7797686.138166956,1.337531142833815e-09
398,7754713.3795809215,1.3551877233517062e-09
399,7711977.4422708135,1.3717469479218853e-09
400,7669477.021123382,1.3891070027205932e-09
401,7627210.818217791,1.40758659888409e-09
402,7585177.542786023,1.4261191677151268e-09
403,7543375.9111734275,1.4451788792462663e-09
404,7501804.646799521,1.4660397224063044e-09
405,7460462.480118996,1.4859570273785132e-09
406,7419348.148582991,1.505018294485943e-09
407,7378460.396600494,1.5240520618378208e-09
408,7337797.975499988,1.543690425212239e-09
409,7297359.643491363,1.5651193640214561e-09
410,7257144.165627965,1.5854463558018473e-09
411,7217150.313768871,1.6050066295545776e-09
412,7177376.866541415,1.6261179385711022e-09
413,7137822.609303847,1.6472850368419374e-09
414,7098486.334108294,1.667108148815273e-09
415,7059366.839663804,1.687939710808717e-09
416,7020462.931299721,1.7100068207167864e-09
417,6981773.42092917,1.7317706511507122e-09
418,6943297.127012772,1.7535552887473311e-09
419,6905032.874522566,1.7753647007113648e-09
420,6866979.494906135,1.7976214325109264e-09
421,6829135.826050902,1.820327397587072e-09
422,6791500.712248655,1.8428522255772294e-09
423,6754073.00416025,1.8655786638961467e-09
424,6716851.558780501,1.888820411693815e-09
425,6679835.239403287,1.9122484660342636e-09
426,6643022.9155868245,1.9359184091705325e-09
427,6606413.463119162,1.9606479264529022e-09
428,6570005.76398383,1.987252155647994e-09
429,6533798.706325714,2.0185860939070548e-09
430,6497791.184417086,2.0581680168959837e-09
431,6461982.098623846,2.113742593934896e-09
432,6426370.355371932,2.1912506086334495e-09
433,6390954.867113929,2.3021410201263296e-09
434,6355734.552295863,2.442485797070991e-09
435,6320708.335324158,2.6076392701669405e-09
436,6285875.1465327935,2.782041328373008e-09
437,6251233.922150635,2.920924112936255e-09
438,6216783.604268957,3.0266950884218607e-09
439,6182523.140809135,3.051564728713046e-09
440,6148451.485490498,3.016352696684293e-09
441,6114567.597798397,2.9327410896264668e-09
442,6080870.442952418,2.8146687793172514e-09
443,6047358.991874782,2.7083527762853056e-09
444,6014032.221158929,2.614772513023066e-09
445,5980889.113038238,2.5525379795208143e-09
446,5947928.655354978,2.518633429499635e-09
447,5915149.841529368,2.508146295998036e-09
448,5882551.6705288645,2.5150090027387835e-09
449,5850133.146837561,2.5316643093678445e-09
450,5817893.280425821,2.554067748592687e-09
451,5785831.086720011,2.5791233813769962e-09
452,5753945.586572449,2.6061861902059157e-09
453,5722235.806231501,2.6339357136497767e-09
454,5690700.777311839,2.661719854829618e-09
455,5659339.536764877,2.689962001127682e-09
456,5628151.1268493505,2.7186252594972915e-09
457,5597134.59510207,2.746823522038816e-09
458,5566288.994308836,2.7751117597514173e-09
459,5535613.382475508,2.803791668073055e-09
460,5505106.8227992505,2.832715063342666e-09
461,5474768.383639904,2.8618576056667265e-09
462,5444597.138491546,2.891089682392489e-09
463,5414592.165954195,2.920410512529293e-09
464,5384752.5497056665,2.949565881227888e-09
465,5355077.378473601,2.9789768966311897e-09
466,5325565.746007619,3.0086344448042978e-09
467,5296216.75105166,3.0380041598055555e-09
468,5267029.497316448,3.0674405267966806e-09
469,5238003.093452122,3.097014906090396e-09
470,5209136.653021024,3.1266196757899703e-09
471,5180429.294470615,3.156219479969008e-09
472,5151880.14110656,3.185616152992257e-09
473,5123488.321065958,3.215097491449241e-09
474,5095252.967290707,3.2447191052744316e-09
475,5067173.217501032,3.2745911817476497e-09
476,5039248.214169152,3.304674575840269e-09
477,5011477.104493085,3.3343880145100908e-09
478,4983859.040370614,3.364213759853512e-09
479,4956393.17837338,3.394450026577725e-09
480,4929078.67972112,3.4245445050419264e-09
481,4901914.710256071,3.454489196345067e-09
482,4874900.440417472,3.484792795268333e-09
483,4848035.045216244,3.5152043977859007e-09
484,4821317.7042097915,3.5452497202903804e-09
485,4794747.60147695,3.575111076166925e-09
486,4768323.9255930595,3.6048303359089005e-09
487,4742045.8696052,3.6347045081675115e-09
488,4715912.631007535,3.664632194736236e-09
489,4689923.411716808,3.6942846275076808e-09
490,4664077.418047966,3.724042254977714e-09
491,4638373.860689928,3.753902117207921e-09
492,4612811.954681483,3.783487691270158e-09
493,4587390.919387302,3.813120080839253e-09
494,4562109.978474116,3.842892970655795e-09
495,4536968.359886994,3.872811468009466e-09
496,4511965.295825772,3.902812714928856e-09
497,4487100.022721609,3.932121546384606e-09
498,4462371.781213658,3.96138172086627e-09
499,4437779.816125886,3.990880361740347e-09
500,4413323.376444003,4.020084884217347e-09
501,4389001.715292531,4.048959591115468e-09
502,4364814.089912001,4.07736718700818e-09
503,4340759.761636258,4.105819807420114e-09
504,4316837.995869908,4.134620680187657e-09
505,4293048.062065886,4.163191592081705e-09
506,4269389.23370315,4.19155514221469e-09
507,4245860.78826448,4.220496690796224e-09
508,4222462.007214429,4.249737506451061e-09
509,4199192.17597737,4.279216312667107e-09
510,4176050.5839156723,4.311170541844408e-09
511,4153036.5243080035,4.344748902873981e-09
512,4130149.2943277494,4.380515433687085e-09
513,4107388.195021548,4.419456451507515e-09
514,4084752.5312879384,4.4590607577511265e-09
515,4062241.6118561425,4.497197481617103e-09
516,4039854.749264947,4.531772291510353e-09
517,4017591.25984171,4.5593456759494506e-09
518,3995450.4636814906,4.5819292253604765e-09
519,3973431.6846262733,4.597178978043689e-09
520,3951534.250244327,4.610860791874387e-09
521,3929757.4918096648,4.624725563307558e-09
522,3908100.744281624,4.638902729718348e-09
523,3886563.346284558,4.656071784124578e-09
524,3865144.6400876376,4.67612430349277e-09
525,3843843.97158476,4.700050559836204e-09
526,3822660.690274581,4.728099579805976e-09
527,3801594.1492406414,4.763582135026376e-09
528,3780643.7051316155,4.809689272928543e-09
529,3759808.7181416657,4.871668216038858e-09
530,3739088.551990899,4.9515474357516534e-09
531,3718482.5739059355,5.050693152308498e-09
532,3697990.154600587,5.15360198590943e-09
533,3677610.6682566376,5.26001722841096e-09
534,3657343.4925047355,5.339332487428069e-09
535,3637188.008405379,5.386018373785906e-09
536,3617143.6004300215,5.3952543974045725e-09
537,3597209.656442272,5.36078440164902e-09
538,3577385.567679194,5.31122013242049e-09
539,3557670.7287327303,5.24698402258109e-09
540,3538064.5375312013,5.191944586911072e-09
541,3518566.3953209193,5.1505857983957994e-09
542,3499175.7066479097,5.12492263295028e-09
543,3479891.8793397187,5.116233966754886e-09
544,3460714.324487336,5.116223501000657e-09
545,3441642.4564272086,5.125030315856901e-09
546,3422675.692723348,5.138692073216941e-09
547,3403813.454149554,5.153629286952237e-09
548,3385055.1646717177,5.169726371377303e-09
549,3366400.251430231,5.185620079053616e-09
550,3347848.1447225004,5.201437131052049e-09
551,3329398.277985538,5.217436771166909e-09
552,3311050.0877786605,5.232236683750614e-09
553,3292803.0137662906,5.247093366161013e-09
554,3274656.498700834,5.2618034412505314e-09
555,3256609.988405676,5.2756130616907085e-09
556,3238662.9317582394,5.2887806079887836e-09
557,3220814.780673168,5.302000297753818e-09
558,3203064.9900855827,5.314890921537989e-09
559,3185413.017934435,5.326746526096886e-09
560,3167858.3251459557,5.338190717692924e-09
561,3150400.375617194,5.349282649642351e-09
562,3133038.6361996396,5.360123280951982e-09
563,3115772.5766829425,5.370623275468479e-09
564,3098601.6697787256,5.38034971402953e-09
565,3081525.391104474,5.389136413002537e-09
566,3064543.219167534,5.397070887735848e-09
567,3047654.635349168,5.404605409094804e-09
568,3030859.123888734,5.4116275321883185e-09
569,3014156.171867924,5.417491705839751e-09
570,2997545.269195105,5.422933288130713e-09
571,2981025.908589742,5.427943612551817e-09
572,2964597.5855669025,5.431896469991776e-09
573,2948259.798421851,5.435502595895119e-09
574,2932012.0482147275,5.437671657270936e-09
575,2915853.838755313,5.439015072861852e-09
576,2899784.6765878764,5.439542997176619e-09
577,2883804.0709760985,5.438713504550849e-09
578,2867911.533888089,5.436976739294769e-09
579,2852106.579981489,5.434691461700303e-09
580,2836388.7265886385,5.4309639952711615e-09
581,2820757.493701841,5.42582573838933e-09
582,2805212.403958709,5.4207294456951966e-09
583,2789752.9826275767,5.414686100814875e-09
584,2774378.757593008,5.405593382089055e-09
585,2759089.2593413796,5.395764411598838e-09
586,2743884.0209465353,5.38541992633387e-09
587,2728762.5780555406,5.372974842869074e-09
588,2713724.468874483,5.359580673531257e-09
589,2698769.2341543846,5.345506042930982e-09
590,2683896.41717717,5.3291171270404625e-09
591,2669105.563741719,5.3104053044451696e-09
592,2654396.2221500007,5.291035292219705e-09
593,2639767.9431932727,5.2710045473137544e-09
594,2625220.2801383645,5.24857532448924e-09
595,2610752.788714035,5.225702798971891e-09
596,2596365.0270974087,5.201664064742008e-09
597,2582056.555900478,5.175050431330096e-09
598,2567826.9381566853,5.14727557358901e-09
599,2553675.7393075805,5.117431332792442e-09
600,2539602.527189547,5.0858787549872765e-09
601,2525606.87202061,5.052367605628923e-09
602,2511688.3463873016,5.0146517441952315e-09
603,2497846.5252316203,4.974689916055597e-09
604,2484080.985838038,4.933952290704372e-09
605,2470391.3078205963,4.892687413076991e-09
606,2456777.073110073,4.851477052754818e-09
607,2443237.8659412046,4.811440757409205e-09
608,2429773.2728399974,4.774541555446714e-09
609,2416382.8826110973,4.740793226485819e-09
610,2403066.2863252317,4.711243290968499e-09
611,2389823.077306722,4.685817837081076e-09
612,2376652.8511210633,4.654281323544458e-09
613,2363555.2055625776,4.617919298163075e-09
614,2350529.740642125,4.5667857321806056e-09
615,2337576.0585748907,4.5028649402778855e-09
616,2324693.763768237,4.426159813834409e-09
617,2311882.4628096237,4.3372698574841716e-09
618,2299141.7644545916,4.246989505368673e-09
619,2286471.2796148164,4.155808383489479e-09
620,2273870.621346225,4.0694793458698645e-09
621,2261339.404837176,3.98742579063586e-09
622,2248877.2473967145,3.9079706162533495e-09
623,2236483.768442877,3.832146163255296e-09
624,2224158.589491078,3.760038031658614e-09
625,2211901.334142543,3.6884195134858512e-09
626,2199711.6280728173,3.6156389891638986e-09
627,2187589.0990203368,3.54134783777133e-09
628,2175533.3767750533,3.467626183174476e-09
629,2163544.093167137,3.3954071145532373e-09
630,2151620.8820557236,3.3226879273602346e-09
631,2139763.3793177414,3.248582328978347e-09
632,2127971.2228367855,3.1751940126033797e-09
633,2116244.0524920593,3.102707144013368e-09
634,2104581.510147384,3.030203577812202e-09
635,2092983.23964025,2.95762177042576e-09
636,2081448.88677095,2.8848592970373026e-09
637,2069978.0992917563,2.8120975457603187e-09
638,2058570.526896166,2.7413619271077765e-09
639,2047225.8212082002,2.671004968116035e-09
640,2035943.6357717717,2.602671716920823e-09
641,2024723.6260400962,2.534704574832776e-09
642,2013565.4493651749,2.4663427614384943e-09
643,2002468.7649873295,2.3999384234717195e-09
644,1991433.234024794,2.3356206828217322e-09
645,1980458.5194633713,2.2723520610401796e-09
646,1969544.2861461341,2.2093726583105796e-09
647,1958690.2007631906,2.146067112302872e-09
648,1947895.9318415124,2.084973896454714e-09
649,1937161.1497348016,2.0263879394085237e-09
650,1926485.5266134334,1.9676014739554187e-09
651,1915868.736454436,1.910096684637217e-09
652,1905310.4550315402,1.8544107519504882e-09
653,1894810.3599052757,1.8002808703716074e-09
654,1884368.130413123,1.747584831797667e-09
655,1873983.4476597214,1.6953750808123218e-09
656,1863655.9945071342,1.643831474698358e-09
657,1853385.4555651569,1.5956716802241568e-09
658,1843171.5171816887,1.5491098647132814e-09
659,1833013.8674331554,1.5024342027441968e-09
660,1822912.1961149795,1.4575626016308117e-09
661,1812866.1947321144,1.4138393771626384e-09
662,1802875.5564896122,1.3702833732045856e-09
663,1792939.9762832648,1.3287227096590988e-09
664,1783059.15069028,1.2890294002675748e-09
665,1773232.7779600173,1.2505151848252005e-09
666,1763460.558004775,1.2124936527518952e-09
667,1753742.1923906212,1.1763772460926455e-09
668,1744077.3843282836,1.1406088904596747e-09
669,1734465.838664083,1.1065174219581112e-09
670,1724907.2618709218,1.0736738081625743e-09
671,1715401.3620393225,1.0422141389591592e-09
672,1705947.848868505,1.0112370539194028e-09
673,1696546.4336575286,9.812656101035843e-10
674,1687196.8292964725,9.513032775957803e-10
675,1677898.750257667,9.233041135074567e-10
676,1668651.9125869751,8.959441936070089e-10
677,1659456.0338951235,8.696518017384589e-10
678,1650310.833349072,8.448897251183543e-10
679,1641216.0316634413,8.206894086741869e-10
680,1632171.3510919847,7.972099301310835e-10
681,1623176.5154191034,7.738826639308135e-10
682,1614231.2499514148,7.51588075798742e-10
683,1605335.2815093596,7.302896627555343e-10
684,1596488.3384188598,7.095161136926493e-10
685,1587690.1505030263,6.901740466125972e-10
686,1578940.4490739012,6.711687599369201e-10
687,1570238.966924259,6.531535241140398e-10
688,1561585.438319442,6.354393437990392e-10
689,1552979.598989246,6.180743373216361e-10
690,1544421.1861198512,6.017741202263017e-10
691,1535909.9383457913,5.853862508610178e-10
692,1527445.5957419826,5.699508732188295e-10
693,1519027.8998157724,5.558744550024028e-10
694,1510656.5934990533,5.409078607275964e-10
695,1502331.4211404123,5.272703440651475e-10
696,1494052.1284973193,5.140725284764711e-10
697,1485818.4627283663,5.010592975395777e-10
698,1477630.1723855464,4.885571388935475e-10
699,1469487.0074065716,4.76999367411874e-10
700,1461388.7191072386,4.65901223467527e-10
701,1453335.0601738328,4.5533213414676994e-10
702,1445325.784655576,4.4416909844129425e-10
703,1437360.6479571185,4.339764384222568e-10
704,1429439.406831063,4.2437917125808206e-10
705,1421561.8193705415,4.149354235012717e-10
706,1413727.6450018242,4.055170069167331e-10
707,1405936.6444769755,3.9701630309128903e-10
708,1398188.5798665464,3.888053210690601e-10
709,1390483.2145523084,3.80940539585416e-10
710,1382820.3132200255,3.735614667212225e-10
711,1375199.6418522713,3.670543144830772e-10
712,1367620.9677212806,3.6194716069792365e-10
713,1360084.0593818408,3.5832309153975796e-10
714,1352588.6866642283,3.5684205428905086e-10
715,1345134.620667173,3.5863978473610337e-10
716,1337721.6337508739,3.6343093437146726e-10
717,1330349.4995300418,3.6754561132246103e-10
718,1323017.9928669906,3.68808669512107e-10
719,1315726.889864759,3.602459446676149e-10
720,1308475.9678602736,3.5135444877634356e-10
721,1301265.0054175486,3.425749749823756e-10
722,1294093.7823209234,3.335663082899347e-10
723,1286962.0795683376,3.254797582936882e-10
724,1279869.6793646452,3.187322919716827e-10
725,1272816.3651149585,3.1494639636782803e-10
726,1265801.9214180377,3.139500111904462e-10
727,1258826.1340597102,3.164319842192605e-10
728,1251888.79000633,3.197300320438839e-10
729,1244989.6773982733,3.1859791593548635e-10
730,1238128.5855434637,3.211249331429132e-10
731,1231305.3049109445,3.2890449174999495e-10
732,1224519.6271244728,3.4589405529748186e-10
733,1217771.3449561622,3.607412910091569e-10
734,1211060.2523201494,3.580974125823531e-10
735,1204386.1442663053,3.5625721912906887e-10
736,1197748.8169739707,3.5610615577957307e-10
737,1191148.0677457356,3.5194794481701173e-10
738,1184583.695001248,3.4611673069772333e-10
739,1178055.4982710567,3.3754801473300707e-10
740,1171563.2781904917,3.342816935712773e-10
741,1165106.8364935743,3.3837793550838487e-10
742,1158685.9760069607,3.5881332181013337e-10
743,1152300.5006439227,3.7045838980263144e-10
744,1145950.215398359,3.273626883232043e-10
745,1139634.926338841,2.9522857352230706e-10
746,1133354.4406026865,2.7818779509222195e-10
747,1127108.5663900739,2.7128510471161145e-10
748,1120897.1129581828,2.7016762079129664e-10
749,1114719.8906153697,2.731225112434481e-10
750,1108576.7107153737,2.7634473387160193e-10
751,1102467.3856515586,2.789902477948782e-10
752,1096391.7288511796,2.809362389960987e-10
753,1090349.5547696876,2.7926702033262997e-10
754,1084340.678885063,2.7404548535656427e-10
755,1078364.9176921798,2.6588061998596144e-10
756,1072422.0886972025,2.5673287568074823e-10
757,1066512.0104120122,2.464925316998637e-10
758,1060634.5023486635,2.378313121095716e-10
759,1054789.3850138746,2.310871397626959e-10
760,1048976.4799035431,2.263886655013022e-10
761,1043195.6094972979,2.2306982929044926e-10
762,1037446.5972530742,2.2128653058682878e-10
763,1031729.2676017256,2.2086625343240803e-10
764,1026043.4459416588,2.2085813041585732e-10
765,1020388.9586335049,2.2225577476312594e-10
766,1014765.6329948154,2.251416900128319e-10
767,1009173.2972947874,2.31217352763167e-10
768,1003611.7807490198,2.390745706164014e-10
769,998080.9135142993,2.4714537486314503e-10
770,992580.5266834109,2.4818876790975176e-10
771,987110.4522799812,2.420823253644947e-10
772,981670.5232533502,2.3748594831408703e-10
773,976260.5734734654,2.3450694406626114e-10
774,970880.4377258117,2.3798375823392833e-10
775,965529.9517063657,2.4486168286711394e-10
776,960208.9520165762,2.5619468801171907e-10
777,954917.2761583771,2.686340977873586e-10
778,949654.762529221,2.793042272413177e-10
779,944421.250417148,2.805470658040201e-10
780,939216.5799958745,2.749345508870262e-10
781,934040.5923199137,2.632435369757837e-10
782,928893.1293197224,2.5455868900088623e-10
783,923774.033796873,2.495424921494762e-10
784,918683.1494192505,2.527751754682135e-10
785,913620.3207162828,2.6242643997056566e-10
786,908585.3930741881,2.794149732657534e-10
787,903578.2127312575,3.0638486825354856e-10
788,898598.6267731566,3.3948536902111936e-10
789,893646.4831282548,3.7973584890698333e-10
790,888721.6305629843,4.023167593600726e-10
791,883823.9186772194,4.063766777667083e-10
792,878953.1978996828,3.7941557779977715e-10
793,874109.3194833813,3.44696365718142e-10
794,869292.1355010584,3.078663431307561e-10
795,864501.4988406808,2.827635739915114e-10
796,859737.2632009434,2.6914460598474715e-10
797,854999.2830868018,2.677739929876895e-10
798,850287.4138050312,2.707222052972898e-10
799,845601.5114598039,2.7510535864733595e-10
800,840941.4329482975,2.7247434969940813e-10
801,836307.0359563237,2.613324265656136e-10
802,831698.1789539821,2.445589130268529e-10
803,827114.7211913397,2.284083497115986e-10
804,822556.5226941295,2.2026566778139487e-10
805,818023.4442594791,2.2129414238393978e-10
806,813515.3474516561,2.361861729409901e-10
807,809032.0945978439,2.6976774030495637e-10
808,804573.5487839343,3.171368939185429e-10
809,800139.5738503489,3.876319904838671e-10
810,795730.0343878793,4.5890485286228416e-10
811,791344.7957335517,5.190272900268274e-10
812,786983.7239665157,4.5103572065230076e-10
813,782646.6859039527,3.4312943657317727e-10
814,778333.5490970107,2.2840678089278345e-10
815,774044.1818267585,1.6774256249634856e-10
816,769778.4531001619,1.3573742816223015e-10
817,765536.2326460854,1.1556862127191638e-10
818,761317.3909113123,1.0206800311748923e-10
819,757121.7990565894,9.479477024584806e-11
820,752949.3289526916,8.95174327994054e-11
821,748799.8531765091,8.634614329681829e-11
822,744673.2450071565,8.3374060676243e-11
823,740569.3784221013,8.031935818354674e-11
824,736488.1280933188,7.669462656989628e-11
825,732429.3693834597,7.243383197945276e-11
826,728392.9783420485,6.746362993980531e-11
827,724378.8317016953,6.229426555948639e-11
828,720386.8068743324,5.7804459773435126e-11
829,716416.7819474695,5.353720388723537e-11
830,712468.6356804735,5.0246664349355416e-11
831,708542.2475008628,4.777426799453221e-11
832,704637.4975006256,4.6017291990972306e-11
833,700754.266432559,4.4496800962053525e-11
834,696892.4357066285,4.3450889214053526e-11
835,693051.8873863427,4.2791793851610774e-11
836,689232.504185156,4.2050168316633616e-11
837,685434.1694628814,4.161324989713418e-11
838,681656.7672221353,4.123001748110955e-11
839,677900.1821047901,4.096681134584355e-11
840,674164.2993884508,4.091784905879875e-11
841,670449.0049829559,4.091365046790685e-11
842,666754.1854268878,4.118940852443413e-11
843,663079.7278841131,4.161818072568287e-11
844,659425.5201403337,4.2377045595192743e-11
845,655791.4505996582,4.3292560500032966e-11
846,652177.4082811989,4.489054285329208e-11
847,648583.2828156769,4.637785570252931e-11
848,645008.9644420566,4.8671923804561175e-11
849,641454.3440041909,5.1758533211556615e-11
850,637919.3129474864,5.61225744898578e-11
851,634403.7633155925,6.170266922095285e-11
852,630907.5877471,6.815030780391224e-11
853,627430.6794722658,7.459956214595498e-11
854,623972.9323097509,8.278383853545481e-11
855,620534.2406633762,9.380490093706349e-11
856,617114.4995189013,1.0896230774834257e-10
857,613713.6044408134,1.298202709584025e-10
858,610331.4515691412,1.53711200157149e-10
859,606967.9376162824,1.761506930445623e-10
860,603622.9598638463,1.8783395789995047e-10
861,600296.4161595226,1.868987664966437e-10
862,596988.2049139558,1.7642168533322235e-10
863,593698.2250976475,1.6594089122402073e-10
864,590426.3762378688,1.596989122035524e-10
865,587172.5584155909,1.5809141024911903e-10
866,583936.6722624375,1.607276489430681e-10
867,580718.6189576444,1.6672490555608556e-10
868,577518.3002250484,1.758290757256088e-10
869,574335.6183300808,1.8964513446740384e-10
870,571170.4760767841,2.105202593431853e-10
871,568022.7768048454,2.36838324957858e-10
872,564892.424386642,2.7247434024123755e-10
873,561779.3232243081,3.1595090241490076e-10
874,558683.3782468126,3.66442082262032e-10
875,555604.494907059,4.1642829534584833e-10
876,552542.579178996,4.623868600893982e-10
877,549497.5375547451,4.892536570148436e-10
878,546469.2770417479,5.061442178846839e-10
879,543457.7051599232,5.12663093725118e-10
880,540462.7299388447,5.221118300672318e-10
881,537484.2599149323,5.322777614325842e-10
882,534522.2041286569,5.318661723032447e-10
883,531576.4721217656,5.156504322106446e-10
884,528646.9739345156,4.709263832091095e-10
885,525733.6201029307,4.2176246265826236e-10
886,522836.321656067,3.6708460120284754e-10
887,519954.99011329515,3.2191446211409466e-10
888,517089.53748160077,2.827895841072778e-10
889,514239.8762528937,2.5202012389769846e-10
890,511405.91940133955,2.2737313227411063e-10
891,508587.58038069966,2.0466687866077265e-10
892,505784.7731216873,1.8571430321705308e-10
893,502997.41202934197,1.70515651129702e-10
894,500225.4119804124,1.576449913077814e-10
895,497468.68832075933,1.4555973026616377e-10
896,494727.1568627696,1.3595223795409137e-10
897,492000.73388278345,1.2880883791341015e-10
898,489289.33611854067,1.2260233191478212e-10
899,486592.8807666348,1.1809895345410858e-10
900,483911.2854799869,1.1432681013415105e-10
901,481244.4683653303,1.1296666389383311e-10
902,478592.347980707,1.1295854739552663e-10
903,475954.84333298483,1.1241590346336618e-10
904,473331.8738753796,1.1296951728170835e-10
905,470723.3595049997,1.1145836088917779e-10
906,468129.22056039656,1.0978465416996591e-10
907,465549.37781913194,1.0652280724340768e-10
908,462983.7524953613,1.0262722010147228e-10
909,460432.2662374242,9.988037245014997e-11
910,457894.8411254552,9.896886594980563e-11
911,455371.3996690003,9.90705071597839e-11
912,452861.8648046539,1.0378973303730308e-10
913,450366.15989370417,1.1283495754084023e-10
914,447884.20871979085,1.3105715366149232e-10
915,445415.9354865811,1.58536508502148e-10
916,442961.2648154509,2.0001706535346025e-10
917,440520.12174318644,2.563026382789465e-10
918,438092.4317196936,3.0651930451024145e-10
919,435678.12060571933,3.0886174291572465e-10
920,433277.11467059155,2.7033223793261533e-10
921,430889.3405899628,2.0514604273992504e-10
922,428514.7254435753,1.525275082620395e-10
923,426153.19671303144,1.1349813123607057e-10
924,423804.68227957917,8.862316042294187e-11
925,421469.11042191164,7.122535685042963e-11
926,419146.4098139735,6.0765349046939e-11
927,416836.5095227862,5.303320521514588e-11
928,414539.33900628024,4.8142927783021e-11
929,412254.82811113953,4.464529481356189e-11
930,409982.9070706617,4.3483511848561867e-11
931,407723.5065026248,4.280995738072116e-11
932,405476.5574071708,4.517141474444226e-11
933,403241.99116469733,4.7270973920153834e-11
934,401019.73953376093,4.878131435698869e-11
935,398809.7346489956,4.753910387291266e-11
936,396611.9090190377,4.233568351238411e-11
937,394426.1955244666,3.6366981597596674e-11
938,392252.52741575474,3.135118533479887e-11
939,390090.8383112276,2.783288403162819e-11
940,387941.0621950386,2.5409710584374126e-11
941,385803.13341515115,2.295051021178532e-11
942,383676.9866813353,2.1889502798679463e-11
943,381562.55706317344,2.0938950293013447e-11
944,379459.7799880756,2.1010240218905397e-11
945,377368.59123931074,2.161173856897848e-11
946,375288.9269540423,2.2522002946686733e-11
947,373220.7236213805,2.4451222695599265e-11
948,371163.9180804417,2.591845068263134e-11
949,369118.4475184185,2.5290759133580695e-11
950,367084.24946866377,2.3479355269633824e-11
951,365061.2618087809,2.0293601558302068e-11
952,363049.42275872827,1.8771270224924613e-11
953,361048.67087893054,1.588312169611742e-11
954,359058.94506840495,1.4548369715732972e-11
955,357080.1845628937,1.3451944047440977e-11
956,355112.32893300743,1.243562379889505e-11
957,353155.3180823826,1.2166765642122435e-11
958,351209.0922458429,1.1542229287417215e-11
959,349273.5919875767,1.0930864864186433e-11
960,347348.7581993211,1.0671439923774119e-11
961,345434.5320985554,1.043252663534962e-11
962,343530.8552267087,1.0268267637928312e-11
963,341637.6694473717,9.858182179147051e-12
964,339754.91694452375,9.411723627942825e-12
965,337882.540220766,9.216027051845865e-12
966,336020.4820955647,9.15934914969036e-12
967,334168.68570350745,9.063271283231028e-12
968,332327.09449256334,8.788705306671766e-12
969,330495.6522223588,9.114981706305685e-12
970,328674.30296245875,9.197958204612251e-12
971,326862.99109065795,9.030896450457835e-12
972,325061.661291284,8.721603918280718e-12
973,323270.2585535061,8.577958406319067e-12
974,321488.7281696568,8.282211720874542e-12
975,319717.01573356095,8.283798000677428e-12
976,317955.0671388724,7.932364692879791e-12
977,316202.8285774247,7.609855499209101e-12
978,314460.24653758475,7.72294142850544e-12
979,312727.267802621,7.576595341398694e-12
980,311003.8394490776,7.817366883385475e-12
981,309289.9088451567,7.2747603490313386e-12
982,307585.42364911345,7.244866870926223e-12
983,305890.3318076556,7.236937419303486e-12
984,304204.58155435516,7.231937131778962e-12
985,302528.12140806724,7.343027447944065e-12
986,300860.90017135674,7.488404819460388e-12
987,299202.8669289368,7.2697720899732806e-12
988,297553.9710461116,7.218993072826746e-12
989,295914.1621672326,7.147066829475879e-12
990,294283.3902141581,7.2512029566608256e-12
991,292661.6053847259,6.8717353441993456e-12
992,291048.7581512319,7.172463181961724e-12
993,289444.7992589166,7.307669722630874e-12
994,287849.67972446216,8.015542585649243e-12
995,286263.35083449556,9.140005057659474e-12
996,284685.7641441018,9.484960025104411e-12
997,283116.87147534423,9.5158174378601e-12
998,281556.624915792,8.505954973636433e-12
999,280004.97681705916,7.707976414315403e-12
1000,278461.8797933469,6.939551338129452e-12
1001,276927.2867199989,6.6345960403727116e-12
1002,275401.15073206095,6.677351622311623e-12
1003,273883.42522284895,6.418911045206059e-12
1004,272374.06384252774,6.8053472996415734e-12
1005,270873.02049669315,6.38276857349198e-12
1006,269380.2493449666,6.406936202108617e-12
1007,267895.7047995938,6.470188249585063e-12
1008,266419.3415240523,6.418670203357115e-12
1009,264951.1144316687,6.495636095366067e-12
1010,263490.97868423926,6.844326735849102e-12
1011,262038.88969066285,6.807168764676888e-12
1012,260594.8031055782,6.519633422810617e-12
1013,259158.674828009,6.683697336739719e-12
1014,257730.46100001867,6.483240942186871e-12
1015,256310.11800536927,6.46687293124379e-12
1016,254897.6024681907,6.422442374997334e-12
1017,253492.87125165606,6.4387404015817655e-12
1018,252095.88145666302,6.5403656996677394e-12
1019,250706.59042052558,6.430726150063478e-12
1020,249324.95571566917,7.161540400513556e-12
1021,247950.93514833698,6.655854318313001e-12
1022,246584.48675730007,7.233945194771836e-12
1023,245225.56881257586,7.323470289560876e-12
1024,243874.1398141549,7.57630383683958e-12
1025,242530.158490732,7.920436899920245e-12
1026,241193.58379844733,8.830116783249806e-12
1027,239864.37491963143,9.845958065739573e-12
1028,238542.49126156027,1.1572318200739109e-11
1029,237227.89245521463,1.4189460592352137e-11
1030,235920.53835404685,1.923378605755238e-11
1031,234620.38903275647,2.918811956871595e-11
1032,233327.4047860686,5.7690037848770374e-11
1033,232041.5461275237,9.693818034929003e-11
1034,230762.77378827048,8.164165095871693e-11
1035,229491.04871586614,5.103943202087324e-11
1036,228226.33207308533,2.6062622370229366e-11
1037,226968.58523673244,1.6456250394932327e-11
1038,225717.76979646328,1.2216071168953197e-11
1039,224473.8475536119,9.922283978381607e-12
1040,223236.78052002296,8.35160318026551e-12
1041,222006.53091689345,7.491604171634492e-12
1042,220783.06117361694,7.047437224086356e-12
1043,219566.33392663777,6.593971376193676e-12
1044,218356.3120183097,6.4246863296392e-12
1045,217152.95849576005,6.140973423017171e-12
1046,215956.23660976306,6.079173223176202e-12
1047,214766.10981361568,5.8888883982768445e-12
1048,213582.5417620229,5.946347179579226e-12
1049,212405.4963099875,5.862279675008313e-12
1050,211234.93751170512,5.673092215377061e-12
1051,210070.8296194684,5.4820656044027595e-12
1052,208913.13708257343,5.667670895602865e-12
1053,207761.82454623547,5.325630366471949e-12
1054,206616.85685050872,5.368778620803906e-12
1055,205478.19902921186,5.269983073983636e-12
1056,204345.81630886174,5.4465393821615314e-12
1057,203219.6741076098,5.3805411282759105e-12
1058,202099.7380341875,5.519125973973681e-12
1059,200985.97388685492,5.051550096154618e-12
1060,199878.3476523565,5.234680470626969e-12
1061,198776.825504883,5.183604439600165e-12
1062,197681.37380503712,5.265020850427687e-12
1063,196591.959098808,5.292024326010395e-12
1064,195508.54811654775,5.056886992322769e-12
1065,194431.1077719569,5.1030038596981944e-12
1066,193359.60516107312,5.10996530455331e-12
1067,192294.00756126628,5.324278751986099e-12
1068,191234.28243024016,5.2584807057133995e-12
1069,190180.39740503705,5.073127530831832e-12
1070,189132.32030105093,5.083031539205873e-12
1071,188090.01911104398,4.983853053504563e-12
1072,187053.46200416854,5.3008576130818876e-12
1073,186022.6173249962,5.2215121176060284e-12
1074,184997.45359254972,5.784580987475467e-12
1075,183977.93949934302,5.800869933528799e-12
1076,182964.04391042434,5.514842907674138e-12
1077,181955.73586242498,5.264046906367788e-12
1078,180952.98456261482,4.866770342437175e-12
1079,179955.75938796063,4.8729187364549796e-12
1080,178964.0298841924,5.014262814839042e-12
1081,177977.76576487202,4.889200829559543e-12
1082,176996.93691046865,4.786427161677553e-12
1083,176021.51336743956,4.8689742726030665e-12
1084,175051.46534731425,4.640730851698315e-12
1085,174086.76322578595,4.6143968778560624e-12
1086,173127.37754180626,4.842706103665451e-12
1087,172173.278996685,4.846520000107151e-12
1088,171224.43845319675,5.019197343302986e-12
1089,170280.82693468957,4.834263752604309e-12
1090,169342.41562420115,4.869911816160835e-12
1091,168409.17586357854,4.741307351633973e-12
1092,167481.07915260218,4.81258850731095e-12
1093,166558.097148117,4.920680808786314e-12
1094,165640.20166316515,4.788752278935736e-12
1095,164727.3646661266,4.8073626437025505e-12
1096,163819.5582798627,5.001521452399982e-12
1097,162916.75478086394,4.998031143582871e-12
1098,162018.92659840485,5.401509819715333e-12
1099,161126.0463137005,5.1331399385811425e-12
1100,160238.08665907057,5.485961666470577e-12
1101,159355.02051710515,5.671968453552316e-12
1102,158476.82091983798,5.462693708299694e-12
1103,157603.4610479222,5.6604766266065756e-12
1104,156734.91422981085,5.355621754154761e-12
1105,155871.15394094362,5.621703348511781e-12
1106,155012.15380293535,5.708892415736954e-12
1107,154157.88758277165,5.7226569889618415e-12
1108,153308.32919200737,5.9356839027019175e-12
1109,152463.45268596927,5.809191947324333e-12
1110,151623.23226296488,6.044770185348217e-12
1111,150787.64226349327,5.722183549898007e-12
1112,149956.65716946262,5.675486326903493e-12
1113,149130.25160341023,5.730484868522324e-12
1114,148308.40032772732,5.724814440494255e-12
1115,147491.07824388903,5.614829173905811e-12
1116,146678.26039168722,5.724969834861144e-12
1117,145869.92194846887,5.725769913094769e-12
1118,145066.03822837758,5.844581494270432e-12
1119,144266.58468159946,5.751297724042326e-12
1120,143471.53689361422,5.997171404045313e-12
1121,142680.87058444857,5.642242989392941e-12
1122,141894.5616079357,5.773550278918509e-12
1123,141112.58595097737,5.837284947539319e-12
1124,140334.9197328103,5.7915906256516026e-12
1125,139561.53920427762,5.921441780533043e-12
1126,138792.42074710276,5.748362804290362e-12
1127,138027.54087316897,5.876063206214109e-12
1128,137266.8762238016,5.843115835990391e-12
1129,136510.40356905447,5.815499533528241e-12
1130,135758.09980700113,6.148323059155953e-12
1131,135009.9419630287,6.271308956053749e-12
1132,134265.90718913672,6.354387133067439e-12
1133,133525.97276323932,6.668491906730095e-12
1134,132790.1160884708,7.217409935757563e-12
1135,132058.31469249653,7.83285541339737e-12
1136,131330.5462268253,7.79346927628918e-12
1137,130606.78846612839,7.682820870381843e-12
1138,129887.0193075597,7.15448281175502e-12
1139,129171.21677008088,6.734694986543793e-12
1140,128459.35899379078,6.466943380496103e-12
1141,127751.42423925671,6.3627991347721e-12
1142,127047.39088685183,6.2403668888332744e-12
1143,126347.23743609377,6.4665024911409855e-12
1144,125650.94250498872,6.404381152611727e-12
1145,124958.48482937846,6.4147590223039626e-12
1146,124269.84326229026,6.409899522216405e-12
1147,123584.99677329203,6.474854315971644e-12
1148,122903.92444784922,6.367357399184772e-12
1149,122226.60548668687,6.546865673867366e-12
1150,121553.01920515393,6.51987263768744e-12
1151,120883.14503259142,6.56626197458174e-12
1152,120216.96251170499,6.618964540897129e-12
1153,119554.4512979392,6.403184545315932e-12
1154,118895.591158857,6.716497374493616e-12
1155,118240.36197352158,6.459307215365778e-12
1156,117588.74373188152,6.569057657621364e-12
1157,116940.71653416057,6.586736788438438e-12
1158,116296.26059024874,6.7261449051081285e-12
1159,115655.35621909922,6.489067009855899e-12
1160,115017.98384812655,6.67879578879192e-12
1161,114384.12401260877,6.672740916509247e-12
1162,113753.75735509371,6.643129957509214e-12
1163,113126.86462480696,6.5355915858840624e-12
1164,112503.42667706474,6.465047986281475e-12
1165,111883.42447268892,6.6149502636764766e-12
1166,111266.83907742526,6.3394730587517555e-12
1167,110653.65166136593,6.431963128123729e-12
1168,110043.84349837354,6.386953973702183e-12
1169,109437.39596551008,6.427259924862865e-12
1170,108834.2905424679,6.4917515037112045e-12
1171,108234.50881100378,6.480842951040228e-12
1172,107638.03245437707,6.437996556073077e-12
1173,107044.84325678968,6.284237615464313e-12
1174,106454.92310283035,6.366858738430665e-12
1175,105868.25397692126,6.268313109142583e-12
1176,105284.81796276738,6.285011493160508e-12
1177,104704.59724281015,6.114130393514312e-12
1178,104127.57409768253,6.124105496847108e-12
1179,103553.73090566864,6.061561762997431e-12
1180,102983.0501421648,5.9772922855927925e-12
1181,102415.5143791451,6.1112826024331115e-12
1182,101851.10628462884,6.10368166406764e-12
1183,101289.80862215093,6.061241194357067e-12
1184,100731.60425023608,6.091321538771905e-12
1185,100176.47612187479,6.070887282806574e-12
1186,99624.40728400325,6.0962244476292796e-12
1187,99075.38087698532,5.999242648540688e-12
1188,98529.38013409737,6.113625806686973e-12
1189,97986.38838101705,6.084544088931937e-12
1190,97446.38903531316,6.0333696149146755e-12
1191,96909.36560593983,6.0634628377874345e-12
1192,96375.30169273289,6.128237455206094e-12
1193,95844.18098590849,6.003981941179361e-12
1194,95315.98726556581,5.992900653123443e-12
1195,94790.70440119095,6.033829045701214e-12
1196,94268.31635116486,6.100262045314529e-12
1197,93748.80716227334,5.981527317927903e-12
1198,93232.16096921945,6.072553302491458e-12
1199,92718.36199413973,6.000273616946727e-12
1200,92207.39454612145,6.1300907822025514e-12
1201,91699.2430207243,6.119674154741179e-12
1202,91193.89189950346,6.2432534152048374e-12
1203,90691.32574953536,6.302370906537686e-12
1204,90191.52922294707,6.4715631683762694e-12
1205,89694.4870564469,6.6790049216732174e-12
1206,89200.18407085881,6.425808513414048e-12
1207,88708.60517065866,6.1844784356591554e-12
1208,88219.7353435129,6.10809548265282e-12
1209,87733.55965982079,5.9920955691034565e-12
1210,87250.06327225764,6.056640836287848e-12
1211,86769.23141532217,6.0366279898716536e-12
1212,86291.04940488513,5.966247071333126e-12
1213,85815.50263774078,5.9704907340491196e-12
1214,85342.57659116141,5.935119614089132e-12
1215,84872.25682245319,5.887229589012269e-12
1216,84404.52896851575,5.9596227935833225e-12
1217,83939.37874540295,5.973161408765018e-12
1218,83476.79194788718,5.966695361578728e-12
1219,83016.75444902528,5.822333260121838e-12
1220,82559.25219972692,5.870746644449777e-12
1221,82104.2712283261,6.0319555723412294e-12
1222,81651.7976401539,5.7404709861754046e-12
1223,81201.81761711456,5.7835458413667514e-12
1224,80754.31741726334,5.914781867726941e-12
1225,80309.28337438665,6.0553643823068546e-12
1226,79866.7018975852,5.877040511148341e-12
1227,79426.55947085826,5.8418308324636204e-12
1228,78988.84265269163,5.878684609004478e-12
1229,78553.53807564673,5.927618116839421e-12
1230,78120.63244595219,5.874773933507769e-12
1231,77690.11254309844,6.0328974158770206e-12
1232,77261.96521943339,6.205248957967951e-12
1233,76836.1773997613,6.32604746389081e-12
1234,76412.73608094348,6.605733476666327e-12
1235,75991.62833150069,6.75612674950513e-12
1236,75572.841291219,6.439445724820183e-12
1237,75156.36217075627,6.496264795851603e-12
1238,74742.1782512522,6.092477040744545e-12
1239,74330.2768839397,6.028167013043838e-12
1240,73920.64548975826,6.107298629012788e-12
1241,73513.27155897049,5.920286486927401e-12
1242,73108.14265077926,5.909122026691948e-12
1243,72705.24639294865,5.9210233214774765e-12
1244,72304.57048142547,5.941304237146101e-12
1245,71906.10267996359,6.0724123677175065e-12
1246,71509.83081975066,6.0256346432768895e-12
1247,71115.74279903588,6.008105210176266e-12
1248,70723.82658276099,5.88534976245108e-12
1249,70334.07020219251,5.8556473665432246e-12
1250,69946.46175455597,6.0315924040416335e-12
1251,69560.9894026729,5.8179933773019635e-12
1252,69177.64137459884,5.833082261509757e-12
1253,68796.40596326436,5.864377099396718e-12
1254,68417.27152611694,5.935826377638043e-12
1255,68040.22648476598,5.975036158243935e-12
1256,67665.25932462896,6.022504733360996e-12
1257,67292.35859457953,6.99746553963248e-12
1258,66921.51290659845,9.072735887189775e-12
1259,66552.71093542507,7.72590197879548e-12
1260,66185.94141821204,6.156177739853669e-12
1261,65821.19315418121,5.958686170004618e-12
1262,65458.45500428124,5.828563086304807e-12
1263,65097.71589084798,5.808299131758599e-12
1264,64738.96479726559,5.699410742504422e-12
1265,64382.19076763061,5.900812209142383e-12
1266,64027.38290641715,6.288812756773244e-12
1267,63674.53037814398,7.0002783142241905e-12
1268,63323.622407043986,6.248383363015096e-12
1269,62974.64827673478,5.955241800178986e-12
1270,62627.597329891636,5.784183717436389e-12
1271,62282.45896792199,5.665412747147092e-12
1272,61939.22265064157,5.833342426460871e-12
1273,61597.87789595287,5.7741453459886e-12
1274,61258.414279524586,5.652118753664054e-12
1275,60920.821434473764,5.541215062128542e-12
1276,60585.089051048846,5.621162746546953e-12
1277,60251.20687631491,5.5630161149048835e-12
1278,59919.16471384063,5.347047358832189e-12
1279,59588.952423386734,5.431397030574247e-12
1280,59260.55992059658,5.434447616225868e-12
1281,58933.977176688,5.404565918800544e-12
1282,58609.19421814691,5.4565413422716314e-12
1283,58286.20112642317,5.3882832781800446e-12
1284,57964.9880376271,5.397013735193759e-12
1285,57645.54514222881,5.489364119980512e-12
1286,57327.86268475826,5.543166294250627e-12
1287,57011.93096350735,5.496219316859204e-12
1288,56697.74033023395,5.408292417809857e-12
1289,56385.28118986676,5.5242704282124024e-12
1290,56074.544000212845,5.424276939763463e-12
1291,55765.519271665675,5.339760315648017e-12
1292,55458.19756691578,5.46500968219702e-12
1293,55152.569500662335,5.433396262448023e-12
1294,54848.62573932641,5.4370619047191185e-12
1295,54546.357000766315,5.643200845847224e-12
1296,54245.75405399362,5.482611460572216e-12
1297,53946.80771889175,5.4034698010858015e-12
1298,53649.50886593541,5.517434118143155e-12
1299,53353.84841591157,5.335867794656263e-12
1300,53059.81733964266,5.398594781637871e-12
1301,52767.40665771034,5.44937044111921e-12
1302,52476.6074401817,5.330513611927975e-12
1303,52187.41080633635,5.368843747807742e-12
1304,51899.807924395005,5.216416429355976e-12
1305,51613.79001125026,5.211157119709783e-12
1306,51329.348332197886,5.3223990003018695e-12
1307,51046.4742006704,5.265080532316288e-12
1308,50765.15897797166,5.2557370992804485e-12
1309,50485.39407301297,5.21444197872452e-12
1310,50207.17094205095,5.370067148357724e-12
1311,49930.481088426284,5.450521906820663e-12
1312,49655.316062304584,5.09345502527743e-12
1313,49381.66746041821,5.2173855087567695e-12
1314,49109.52692580941,5.0537087740438454e-12
1315,48838.88614757556,5.161536151738491e-12
1316,48569.736860614925,5.024548468746541e-12
1317,48302.07084537453,5.001702944121421e-12
1318,48035.879927599104,5.202538213762737e-12
1319,47771.15597808123,4.967526558266014e-12
1320,47507.890912413415,5.081672545213325e-12
1321,47246.07669074089,5.645904315416041e-12
1322,46985.70531751636,5.307682158199694e-12
1323,46726.768841255674,5.147514807901979e-12
1324,46469.259354294874,4.96358779550536e-12
1325,46213.16899254904,5.380594186414381e-12
1326,45958.48993527179,1.7718445549976374e-11
1327,45705.214404816674,5.008676819304517e-12
1328,45453.334666399445,4.909495117020618e-12
1329,45202.8430278621,5.003388349145158e-12
1330,44953.73183943782,4.921074085829453e-12
1331,44705.993493517235,4.942177952464694e-12
1332,44459.62042441636,5.0250464615037125e-12
1333,44214.60510814535,5.151764131600178e-12
1334,43970.9400621788,4.8804843048711045e-12
1335,43728.6178452273,4.781224242226641e-12
1336,43487.63105700994,4.8492056940876806e-12
1337,43247.97233802869,4.921332401586306e-12
1338,43009.6343693432,4.91498934503553e-12
1339,42772.60987234776,5.0965464856195e-12
1340,42536.891608548714,4.967000779333195e-12
1341,42302.47237934335,4.971060675317693e-12
1342,42069.34502580039,4.905776242004376e-12
1343,41837.502428440945,5.020272219892926e-12
1344,41606.937507021496,4.820224383919544e-12
1345,41377.64322031744,4.821605445275901e-12
1346,41149.612565907984,5.3389588929293105e-12
1347,40922.8385799626,4.967049180480003e-12
1348,40697.314337027965,4.974957660989149e-12
1349,40473.03294981684,4.885511329915754e-12
1350,40249.98756899755,4.953103523969549e-12
1351,40028.17138298471,4.798500269900448e-12
1352,39807.5776177315,4.841024587355527e-12
1353,39588.199536522436,4.95956023442593e-12
1354,39370.030439767965,4.777272327866568e-12
1355,39153.06366479973,4.910942585839048e-12
1356,38937.29258566693,4.876908319454099e-12
1357,38722.71061293437,4.808315274337213e-12
1358,38509.31119348073,4.765619692748521e-12
1359,38297.08781029889,4.829212997234662e-12
1360,38086.03398229669,4.788070168438387e-12
1361,37876.14326409893,4.75167546514876e-12
1362,37667.40924585072,4.859648056804675e-12
1363,37459.82555302159,4.7472847247123466e-12
1364,37253.385846210906,4.874088757274838e-12
1365,37048.08382095426,4.717046560382041e-12
1366,36843.91320753082,4.7536316009874436e-12
1367,36640.86777077208,4.683219455817043e-12
1368,36438.94130987117,4.680520517075141e-12
1369,36238.12765819378,4.563739866551739e-12
1370,36038.42068308956,4.694632898121834e-12
1371,35839.814285705055,4.723499480368644e-12
1372,35642.30240079742,4.728466897646464e-12
1373,35445.878996548934,4.643652911240155e-12
1374,35250.53807438324,4.89467168022536e-12
1375,35056.273668781716,1.6366847238405492e-11
1376,34863.07984710162,8.85181138755815e-12
1377,34670.95070939475,4.8950908266133604e-12
1378,34479.88038822722,4.687529282257629e-12
1379,34289.863048500505,4.518406165919547e-12
1380,34100.892887272945,6.569627163462152e-12
1381,33912.96413358276,4.735622695359783e-12
1382,33726.07104827173,4.888258612262245e-12
1383,33540.20792380985,4.778460993783855e-12
1384,33355.369084121216,4.70901731861607e-12
1385,33171.54888441041,4.746070668364283e-12
1386,32988.74171099041,4.841908353529171e-12
1387,32806.941981111006,4.748886099057975e-12
1388,32626.144142788202,4.878722306475513e-12
1389,32446.342674634914,4.910641984600332e-12
1390,32267.53208569211,4.765549584473586e-12
1391,32089.706915261293,4.716992998269319e-12
1392,31912.8617327377,4.744160176480796e-12
1393,31736.991137444315,4.698339069563908e-12
1394,31562.08975846718,4.7141355390031946e-12
1395,31388.15225449114,4.67294990814987e-12
1396,31215.17331363691,4.715761414075143e-12
1397,31043.147653298744,4.688124504159579e-12
1398,30872.070019983097,4.659476348954247e-12
1399,30701.93518914833,4.606170144715937e-12
1400,30532.73796504495,4.617952188941831e-12
1401,30364.473180557103,4.585294896475862e-12
1402,30197.135697044763,4.559430705076388e-12
1403,30030.72040418664,4.576827642992238e-12
1404,29865.222219824354,4.755936184722838e-12
1405,29700.636089807012,4.765154244890391e-12
1406,29536.95698783707,4.721373642466066e-12
1407,29374.179915316578,4.766477537449337e-12
1408,29212.2999011948,4.745498083731958e-12
1409,29051.312001816274,4.744639944908505e-12
1410,28891.211300769708,4.277197456960928e-12
1411,28731.992908738135,4.427689951739713e-12
1412,28573.65196334929,4.705594603873396e-12
1413,28416.183629027357,4.738099323051483e-12
1414,28259.583096845203,4.8051033019731696e-12
1415,28103.845584377417,4.765991260387268e-12
1416,27948.966335554473,4.247981646916061e-12
1417,27794.940620517253,4.234323129053582e-12
1418,27641.763735472807,4.495041239804983e-12
1419,27489.43100255062,4.606452250855468e-12
1420,27337.93776965965,4.071606537888301e-12
1421,27187.279410346462,4.895647564872266e-12
1422,27037.45132365375,4.398839879570546e-12
1423,26888.448933979966,3.569225866705581e-12
1424,26740.267690939556,4.074911464271968e-12
1425,26592.90306922386,3.691861981245726e-12
1426,26446.35056846317,3.332912057557557e-12
1427,26300.605713089022,3.1599192217123324e-12
1428,26155.664052197706,4.477748985083352e-12
1429,26011.521159414322,2.8066829093102797e-12
1430,25868.172632757443,2.644428013912439e-12
1431,25725.614094504912,2.6451843792181958e-12
1432,25583.841191059928,2.5900213672636777e-12
1433,25442.84959281829,2.652875231501986e-12
1434,25302.634994036063,2.5596140550020486e-12
1435,25163.193112698067,2.56314095391197e-12
1436,25024.519690387217,2.6623464474936987e-12
1437,24886.61049215431,2.565655357323579e-12
1438,24749.461306388872,2.6266919915753253e-12
1439,24613.067944690472,2.6264260511429935e-12
1440,24477.42624174069,2.5944913572661094e-12
1441,24342.532055176165,2.6367923469176284e-12
1442,24208.38126546179,2.5914927775913217e-12
1443,24074.969775765225,2.652786275821318e-12
1444,23942.29351183147,2.577242722185222e-12
1445,23810.348421858693,2.601884624964156e-12
1446,23679.13047637439,2.5307358593643096e-12
1447,23548.63566811225,2.578986543452792e-12
1448,23418.860011889963,2.5947607975976435e-12
1449,23289.799544487305,2.57302673679417e-12
1450,23161.45032452529,2.465978843895495e-12
1451,23033.80843234572,2.582048933476682e-12
1452,22906.86996989141,2.5578552103736933e-12
1453,22780.631060587344,2.4910888677205988e-12
1454,22655.08784922205,2.5197120272604434e-12
1455,22530.23650183006,2.5290468243203934e-12
1456,22406.073205574743,2.5554508083327162e-12
1457,22282.5941686318,2.5423370213733027e-12
1458,22159.795620073633,2.512741789846232e-12
1459,22037.673809754004,2.512290984429891e-12
1460,21916.225008193633,2.525966365928898e-12
1461,21795.445506466272,2.574008910850685e-12
1462,21675.33161608538,2.5838432777550053e-12
1463,21555.879668891583,2.5288363012616312e-12
1464,21437.086016940542,2.4841950627391665e-12
1465,21318.947032391647,2.571035165274523e-12
1466,21201.459107397193,2.5069557249725928e-12
1467,21084.61865399213,2.5115445178085913e-12
1468,20968.422103984616,2.478953609231182e-12
1469,20852.86590884691,2.586808714284398e-12
1470,20737.946539607143,2.4372847279107425e-12
1471,20623.660486741475,2.507044502062564e-12
1472,20510.004260066853,2.4653669091316647e-12
1473,20396.97438863458,2.538792091570889e-12
1474,20284.567420624153,2.4241821330919015e-12
1475,20172.779923237973,2.41531656834533e-12
1476,20061.60848259646,2.374151256977227e-12
1477,19951.049703633755,2.439212665318511e-12
1478,19841.10020999415,2.448509338947457e-12
1479,19731.756643928817,2.4173011386225157e-12
1480,19623.015666193452,2.2710601456619663e-12
1481,19514.873955946125,2.4246692509832806e-12
1482,19407.32821064598,2.341734652189786e-12
1483,19300.375145952366,2.3618967408440917e-12
1484,19194.011495624443,2.33492572975246e-12
1485,19088.234011421577,2.3806656026552494e-12
1486,18983.039463003992,2.3494926297221587e-12
1487,18878.42463783425,2.3441715013649447e-12
1488,18774.386341079102,2.3289915889250806e-12
1489,18670.92139551183,2.3892877779011043e-12
1490,18568.026641415374,2.3307828910666367e-12
1491,18465.6989364857,2.2823884342205983e-12
1492,18363.93515573593,2.2942954797091686e-12
1493,18262.732191400868,2.2435699118876204e-12
1494,18162.086952842077,2.2459773645613545e-12
1495,18061.996366453535,2.204570670564547e-12
1496,17962.457375567723,2.1884143706945476e-12
1497,17863.46694036233,2.0779898314100488e-12
1498,17765.022037767405,2.1262361852713414e-12
1499,17667.119661372966,2.1050806808746954e-12
1500,17569.75682133731,2.1574402066815343e-12
1501,17472.93054429557,2.123324202911533e-12
1502,17376.637873269054,2.0826454544677996e-12
1503,17280.875867574843,2.0290159832979676e-12
1504,17185.641602735985,2.1021552733174327e-12
1505,17090.932170392258,2.0511956742730006e-12
1506,16996.744678211253,2.009813277707209e-12
1507,16903.07624980014,1.9274103798050506e-12
1508,16809.924024617783,1.8975808579146404e-12
1509,16717.28515788734,1.8692654736622716e-12
1510,16625.156820509488,1.8472634160979678e-12
1511,16533.5361989759,1.876974726803329e-12
1512,16442.42049528344,1.822057809468882e-12
1513,16351.806926848658,1.7406035490002578e-12
1514,16261.692726422774,1.7390434364777324e-12
1515,16172.075142007283,1.8087977993120471e-12
1516,16082.951436769761,1.8288537310108513e-12
1517,15994.318888960453,1.7822701873602424e-12
1518,15906.174791828978,1.769470759699518e-12
1519,15818.51645354182,1.7235037246538286e-12
1520,15731.341197100053,1.786805776918341e-12
1521,15644.646360257539,1.6888091587091309e-12
1522,15558.429295439753,1.6612542139034157e-12
1523,15472.687369662784,1.7056662725465165e-12
1524,15387.417964453049,1.6962842895986153e-12
1525,15302.618475767278,1.6639967746073226e-12
1526,15218.286313912922,1.7252451354720609e-12
1527,15134.418903469226,1.6966703789708465e-12
1528,15051.013683208388,1.6687601264238938e-12
1529,14968.068106017503,1.7134984220662608e-12
1530,14885.579638820705,1.725756990038878e-12
1531,14803.54576250178,1.6960400097485621e-12
1532,14721.963971827305,1.6785363990018495e-12
1533,14640.831775370074,1.6820580336173264e-12
1534,14560.14669543306,1.7675842284354281e-12
1535,14479.906267973764,1.7545311146611209e-12
1536,14400.108042528862,1.7661015832845457e-12
1537,14320.749582139513,1.7887118966278816e-12
1538,14241.828463276812,1.823861296265928e-12
1539,14163.34227576786,1.8624019227190096e-12
1540,14085.28862272215,1.8178875247425435e-12
1541,14007.665120458298,1.8839488638853922e-12
1542,13930.469398431344,1.870458086018998e-12
1543,13853.69909916028,1.9616990301578018e-12
1544,13777.35187815611,1.9816605656758636e-12
1545,13701.425403850248,1.873915259460927e-12
1546,13625.917357523234,1.970983050793961e-12
1547,13550.82543323406,1.9957419469193343e-12
1548,13476.147337749606,1.9101768843423063e-12
1549,13401.880790474714,1.981399231565511e-12
1550,13328.023523382508,1.940515589670247e-12
1551,13254.57328094509,1.874287959226187e-12
1552,13181.52782006472,2.000859826963971e-12
1553,13108.884910005268,2.018933276330659e-12
1554,13036.642332324114,1.9800405533902054e-12
1555,12964.797880804419,1.980383012838363e-12
1556,12893.34936138767,2.057383572349195e-12
1557,12822.29459210679,2.0962497157149896e-12
1558,12751.631403019373,2.0887085810819354e-12
1559,12681.357636141556,2.1341416077956423e-12
1560,12611.471145381984,2.172245054505703e-12
1561,12541.969796476364,2.1218284905588937e-12
1562,12472.851466922271,2.0350503453268457e-12
1563,12404.114045914264,2.0609604779188094e-12
1564,12335.755434279516,2.1002373214022353e-12
1565,12267.773544413621,2.0783946765370573e-12
1566,12200.166300216932,2.0217057493891193e-12
1567,12132.931637031086,2.0096515371763516e-12
1568,12066.067501575955,1.9656525950759963e-12
1569,11999.571851887009,2.0113421685457272e-12
1570,11933.44265725285,2.1000222862999955e-12
1571,11867.677898153308,2.134871826986322e-12
1572,11802.275566197699,2.0675513322097825e-12
1573,11737.233664063473,2.0175185980223296e-12
1574,11672.550205435304,2.0437450017767787e-12
1575,11608.22321494432,2.0145801390898312e-12
1576,11544.25072810788,2.024752871273024e-12
1577,11480.63079126952,2.0082705814276552e-12
1578,11417.361461539278,1.9786319007804052e-12
1579,11354.440806734434,2.036916407097627e-12
1580,11291.866905320407,2.048409907065912e-12
1581,11229.637846352147,1.9929124608882455e-12
1582,11167.751729415766,1.992060093095025e-12
1583,11106.206664570444,1.8982152035006474e-12
1584,11045.000772290805,1.8412458067542456e-12
1585,10984.132183409412,1.840242770731728e-12
1586,10923.599039059789,1.915571949056167e-12
1587,10863.399490619588,1.7098226093122476e-12
1588,10803.531699654128,1.6763621082901135e-12
1589,10743.993837860316,1.8095462519499187e-12
1590,10684.78408701072,1.855694771086699e-12
1591,10625.900638898132,1.87005159578722e-12
1592,10567.3416952803,1.874681534563774e-12
1593,10509.10546782499,1.956388760805214e-12
1594,10451.190178055442,1.943790888462791e-12
1595,10393.594057295975,1.911525901241778e-12
1596,10336.315346618048,1.9435815489071908e-12
1597,10279.35229678648,1.9076932933536775e-12
1598,10222.703168206082,1.891577954183804e-12
1599,10166.366230868516,1.9514368711918227e-12
1600,10110.339764299419,1.9194808168772636e-12
1601,10054.622057505945,1.8712485111665668e-12
1602,9999.211408924417,1.828564347846255e-12
1603,9944.106126368453,1.8238641282596722e-12
1604,9889.304526977237,1.8712246525918687e-12
1605,9834.804937164115,1.9399431772066228e-12
1606,9780.605692565545,1.8932225532084362e-12
1607,9726.705137990182,1.834214961907879e-12
1608,9673.101627368424,1.783828954111022e-12
1609,9619.793523702083,1.7253879197944821e-12
1610,9566.779199014383,1.7471425434806485e-12
1611,9514.057034300313,1.792794695827997e-12
1612,9461.625419477094,1.8109909254918953e-12
1613,9409.482753335076,1.7696137146983667e-12
1614,9357.62744348883,1.6478063432841492e-12
1615,9306.057906328459,1.698417458320297e-12
1616,9254.772566971336,1.7474839564542538e-12
1617,9203.769859213904,1.7329384285113865e-12
1618,9153.04822548393,1.6137752173255892e-12
1619,9102.606116792895,1.5705494396298514e-12
1620,9052.441992688686,1.6311312328344671e-12
1621,9002.554321208583,1.7201869165800752e-12
1622,8952.941578832433,1.6900931439242541e-12
1623,8903.602250436168,1.5851930792254789e-12
1624,8854.534829245507,1.5298193886314184e-12
1625,8805.737816789935,1.6518251737227975e-12
1626,8757.209722856971,1.7172345374526503e-12
1627,8708.94906544661,1.7374913847082825e-12
1628,8660.954370726122,1.7307007660929912e-12
1629,8613.224172985014,1.5327858538758273e-12
1630,8565.757014590245,1.3006559862440845e-12
1631,8518.551445941765,1.1188286816540875e-12
1632,8471.606025428182,1.3375905996853956e-12
1633,8424.919319382812,1.4698585549221079e-12
1634,8378.489902039817,1.4635124269026474e-12
1635,8332.316355490724,1.4364076864203262e-12
1636,8286.397269641102,1.2726756222991278e-12
1637,8240.731242167474,1.0794816982912142e-12
1638,8195.31687847455,1.2542342681760241e-12
1639,8150.152791652569,1.3629893858948507e-12
1640,8105.237602435002,1.2583401591875413e-12
1641,8060.569939156407,1.1743668408841449e-12
1642,8016.148437710513,1.1367253989999392e-12
1643,7971.971741508624,1.2304602678859876e-12
1644,7928.038501438119,1.1229388974075485e-12
1645,7884.347375821313,1.010200691573136e-12
1646,7840.897030374453,1.114043757919157e-12
1647,7797.686138166955,1.166933877183477e-12
1648,7754.713379580931,1.2116416145854063e-12
1649,7711.977442270821,1.1980647255229045e-12
1650,7669.477021123382,1.1643997362137536e-12
1651,7627.210818217802,1.0230827055404986e-12
1652,7585.177542786031,1.0444927663286843e-12
1653,7543.375911173436,1.1143838491097995e-12
1654,7501.804646799521,1.0776432387260193e-12
1655,7460.462480118999,1.038994980891433e-12
1656,7419.348148582999,1.0606072773466721e-12
1657,7378.460396600493,1.0667175720940506e-12
1658,7337.797975499995,1.0396129745908196e-12
1659,7297.35964349137,8.103782768500298e-13
1660,7257.144165627965,5.816460116900632e-13
1661,7217.150313768878,4.3224390838736207e-13
1662,7177.3768665414145,4.181514571524681e-13
1663,7137.822609303855,5.944843202590245e-13
1664,7098.486334108293,7.780077242091273e-13
1665,7059.366839663804,8.401819438658988e-13
1666,7020.462931299729,7.403606454805548e-13
1667,6981.773420929175,6.294903895190161e-13
1668,6943.297127012777,6.304651630626616e-13
1669,6905.032874522576,5.775476682033274e-13
1670,6866.979494906132,3.0835349550281146e-13
1671,6829.135826050907,2.4530336688883575e-13
1672,6791.500712248665,4.025391402985399e-13
1673,6754.073004160251,5.380858528215695e-13
1674,6716.851558780506,4.3191184683903666e-13
1675,6679.835239403294,3.8139095936092566e-13
1676,6643.022915586822,3.8695575545317013e-13
1677,6606.413463119163,3.692680648532796e-13
1678,6570.005763983836,3.3584847008536784e-13
1679,6533.798706325724,2.85171205475472e-13
1680,6497.791184417087,2.4283269049643044e-13
1681,6461.982098623848,2.4578879760510954e-13
1682,6426.370355371939,1.8456046843355416e-13
1683,6390.954867113929,0.0
1684,6355.7345522958685,0.0
1685,6320.708335324166,0.0
1686,6285.875146532788,0.0
1687,6251.233922150635,0.0
1688,6216.783604268963,0.0
1689,6182.523140809144,0.0
1690,6148.451485490497,0.0
1691,6114.567597798399,0.0
1692,6080.870442952423,0.0
1693,6047.358991874783,0.0
1694,6014.03222115893,0.0
1695,5980.889113038245,0.0
1696,5947.928655354986,0.0
1697,5915.149841529369,0.0
1698,5882.551670528867,0.0
1699,5850.133146837569,0.0
1700,5817.893280425821,0.0
1701,5785.831086720013,0.0
1702,5753.945586572455,0.0
1703,5722.235806231497,0.0
1704,5690.70077731184,0.0
1705,5659.339536764884,0.0
1706,5628.1511268493605,0.0
1707,5597.13459510207,0.0
1708,5566.288994308839,0.0
1709,5535.613382475516,0.0
1710,5505.106822799252,0.0
1711,5474.768383639908,0.0
1712,5444.597138491551,0.0
1713,5414.592165954191,0.0
1714,5384.752549705667,0.0
1715,5355.077378473605,0.0
1716,5325.565746007627,0.0
1717,5296.21675105166,0.0
1718,5267.02949731645,0.0
1719,5238.003093452127,0.0
1720,5209.1366530210225,0.0
1721,5180.429294470617,0.0
1722,5151.880141106565,0.0
1723,5123.4883210659555,0.0
1724,5095.252967290708,0.0
1725,5067.173217501036,0.0
1726,5039.248214169159,0.0
1727,5011.477104493086,0.0
1728,4983.859040370618,0.0
1729,4956.393178373385,0.0
1730,4929.078679721119,0.0
1731,4901.914710256074,0.0
1732,4874.9004404174775,0.0
1733,4848.035045216253,0.0
1734,4821.317704209793,0.0
1735,4794.747601476952,0.0
1736,4768.323925593067,0.0
1737,4742.045869605201,0.0
1738,4715.912631007538,0.0
1739,4689.923411716812,0.0
1740,4664.077418047964,0.0
1741,4638.3738606899315,0.0
1742,4612.811954681488,0.0
1743,4587.39091938731,0.0
1744,4562.109978474116,0.0
1745,4536.968359886996,0.0
1746,4511.9652958257775,0.0
1747,4487.100022721608,0.0
1748,4462.37178121366,0.0
1749,4437.779816125891,0.0
1750,4413.323376444002,0.0
1751,4389.001715292535,0.0
1752,4364.814089912006,0.0
1753,4340.759761636263,0.0
1754,4316.837995869907,0.0
1755,4293.048062065888,0.0
1756,4269.389233703155,0.0
1757,4245.86078826448,0.0
1758,4222.462007214432,0.0
1759,4199.192175977374,0.0
1760,4176.0505839156685,0.0
1761,4153.036524308003,0.0
1762,4130.1492943277535,0.0
1763,4107.388195021555,0.0
1764,4084.752531287939,0.0
1765,4062.241611856145,0.0
1766,4039.85474926495,0.0
1767,4017.59125984171,0.0
1768,3995.4504636814927,0.0
1769,3973.4316846262777,0.0
1770,3951.5342502443327,0.0
1771,3929.7574918096643,0.0
1772,3908.1007442816262,0.0
1773,3886.563346284563,0.0
1774,3865.1446400876366,0.0
1775,3843.8439715847617,0.0
1776,3822.6606902745843,0.0
1777,3801.594149240639,0.0
1778,3780.6437051316166,0.0
1779,3759.808718141669,0.0
1780,3739.088551990905,0.0
1781,3718.4825739059356,0.0
1782,3697.9901546005894,0.0
1783,3677.610668256643,0.0
1784,3657.343492504735,0.0
1785,3637.1880084053814,0.0
1786,3617.1436004300253,0.0
1787,3597.2096564422695,0.0
1788,3577.3855676791945,0.0
1789,3557.6707287327345,0.0
1790,3538.064537531207,0.0
1791,3518.566395320919,0.0
1792,3499.1757066479113,0.0
1793,3479.891879339722,0.0
1794,3460.7143244873364,0.0
1795,3441.6424564272097,0.0
1796,3422.675692723351,0.0
1797,3403.813454149552,0.0
1798,3385.055164671718,0.0
1799,3366.4002514302347,0.0
1800,3347.848144722507,0.0
1801,3329.3982779855382,0.0
1802,3311.050087778663,0.0
1803,3292.8030137662936,0.0
1804,3274.6564987008346,0.0
1805,3256.6099884056785,0.0
1806,3238.6629317582438,0.0
1807,3220.8147806731736,0.0
1808,3203.064990085582,0.0
1809,3185.413017934437,0.0
1810,3167.8583251459613,0.0
1811,3150.400375617194,0.0
1812,3133.0386361996407,0.0
1813,3115.7725766829467,0.0
1814,3098.601669778724,0.0
1815,3081.525391104477,0.0
1816,3064.543219167537,0.0
1817,3047.6546353491726,0.0
1818,3030.8591238887334,0.0
1819,3014.156171867925,0.0
1820,2997.545269195109,0.0
1821,2981.0259085897414,0.0
1822,2964.5975855669035,0.0
1823,2948.2597984218532,0.0
1824,2932.0120482147263,0.0
1825,2915.853838755315,0.0
1826,2899.7846765878794,0.0
1827,2883.804070976102,0.0
1828,2867.9115338880897,0.0
1829,2852.106579981491,0.0
1830,2836.388726588642,0.0
1831,2820.7574937018408,0.0
1832,2805.2124039587106,0.0
1833,2789.7529826275795,0.0
1834,2774.3787575930073,0.0
1835,2759.0892593413796,0.0
1836,2743.884020946539,0.0
1837,2728.762578055545,0.0
1838,2713.724468874483,0.0
1839,2698.7692341543857,0.0
1840,2683.896417177173,0.0
1841,2669.1055637417194,0.0
1842,2654.396222150003,0.0
1843,2639.767943193275,0.0
1844,2625.220280138368,0.0
1845,2610.752788714036,0.0
1846,2596.365027097411,0.0
1847,2582.056555900482,0.0
1848,2567.8269381566856,0.0
1849,2553.6757393075814,0.0
1850,2539.60252718955,0.0
1851,2525.6068720206085,0.0
1852,2511.688346387303,0.0
1853,2497.8465252316223,0.0
1854,2484.080985838041,0.0
1855,2470.391307820597,0.0
1856,2456.777073110075,0.0
1857,2443.237865941208,0.0
1858,2429.7732728399974,0.0
1859,2416.3828826110994,0.0
1860,2403.0662863252337,0.0
1861,2389.8230773067203,0.0
1862,2376.6528511210645,0.0
1863,2363.55520556258,0.0
1864,2350.529740642128,0.0
1865,2337.5760585748903,0.0
1866,2324.693763768238,0.0
1867,2311.8824628096263,0.0
1868,2299.1417644545913,0.0
1869,2286.471279614818,0.0
1870,2273.8706213462274,0.0
1871,2261.339404837175,0.0
1872,2248.8772473967147,0.0
1873,2236.4837684428794,0.0
1874,2224.1585894910813,0.0
1875,2211.901334142543,0.0
1876,2199.711628072819,0.0
1877,2187.589099020339,0.0
1878,2175.533376775053,0.0
1879,2163.5440931671374,0.0
1880,2151.620882055726,0.0
1881,2139.7633793177447,0.0
1882,2127.9712228367857,0.0
1883,2116.2440524920617,0.0
1884,2104.581510147387,0.0
1885,2092.9832396402503,0.0
1886,2081.4488867709515,0.0
1887,2069.978099291758,0.0
1888,2058.5705268961647,0.0
1889,2047.2258212082013,0.0
1890,2035.9436357717734,0.0
1891,2024.7236260400996,0.0
1892,2013.565449365175,0.0
1893,2002.4687649873304,0.0
1894,1991.4332340247975,0.0
1895,1980.4585194633714,0.0
1896,1969.5442861461345,0.0
1897,1958.6902007631927,0.0
1898,1947.8959318415116,0.0
1899,1937.1611497348028,0.0
1900,1926.4855266134352,0.0
1901,1915.8687364544387,0.0
1902,1905.3104550315404,0.0
1903,1894.8103599052765,0.0
1904,1884.3681304131253,0.0
1905,1873.983447659722,0.0
1906,1863.6559945071353,0.0
1907,1853.385455565159,0.0
1908,1843.1715171816882,0.0
1909,1833.0138674331556,0.0
1910,1822.9121961149813,0.0
1911,1812.8661947321168,0.0
1912,1802.875556489612,0.0
1913,1792.9399762832657,0.0
1914,1783.0591506902817,0.0
1915,1773.232777960017,0.0
1916,1763.4605580047757,0.0
1917,1753.7421923906231,0.0
1918,1744.0773843282861,0.0
1919,1734.4658386640826,0.0
1920,1724.907261870924,0.0
1921,1715.4013620393252,0.0
1922,1705.9478488685047,0.0
1923,1696.546433657529,0.0
1924,1687.1968292964739,0.0
1925,1677.898750257666,0.0
1926,1668.651912586976,0.0
1927,1659.4560338951255,0.0
1928,1650.3108333490745,0.0
1929,1641.2160316634415,0.0
1930,1632.1713510919856,0.0
1931,1623.176515419106,0.0
1932,1614.2312499514148,0.0
1933,1605.3352815093604,0.0
1934,1596.488338418862,0.0
1935,1587.690150503025,0.0
1936,1578.9404490739018,0.0
1937,1570.2389669242605,0.0
1938,1561.5854383194446,0.0
1939,1552.9795989892461,0.0
1940,1544.4211861198514,0.0
1941,1535.909938345794,0.0
1942,1527.4455957419825,0.0
1943,1519.0278998157733,0.0
1944,1510.6565934990551,0.0
1945,1502.3314211404115,0.0
1946,1494.0521284973192,0.0
1947,1485.8184627283676,0.0
1948,1477.6301723855486,0.0
1949,1469.4870074065718,0.0
1950,1461.388719107239,0.0
1951,1453.3350601738343,0.0
1952,1445.3257846555764,0.0
1953,1437.3606479571192,0.0
1954,1429.4394068310648,0.0
1955,1421.5618193705434,0.0
1956,1413.7276450018244,0.0
1957,1405.9366444769769,0.0
1958,1398.188579866549,0.0
1959,1390.4832145523085,0.0
1960,1382.8203132200263,0.0
1961,1375.1996418522729,0.0
1962,1367.6209677212803,0.0
1963,1360.0840593818414,0.0
1964,1352.5886866642297,0.0
1965,1345.1346206671753,0.0
1966,1337.721633750874,0.0
1967,1330.3494995300427,0.0
1968,1323.0179928669925,0.0
1969,1315.7268898647592,0.0
1970,1308.4759678602745,0.0
1971,1301.2650054175497,0.0
1972,1294.0937823209229,0.0
1973,1286.9620795683386,0.0
1974,1279.8696793646466,0.0
1975,1272.8163651149607,0.0
1976,1265.8019214180374,0.0
1977,1258.8261340597112,0.0
1978,1251.888790006332,0.0
1979,1244.989677398273,0.0
1980,1238.1285855434646,0.0
1981,1231.3053049109456,0.0
1982,1224.5196271244724,0.0
1983,1217.7713449561622,0.0
1984,1211.0602523201508,0.0
1985,1204.3861442663072,0.0
1986,1197.7488169739706,0.0
1987,1191.148067745736,0.0
1988,1184.5836950012488,0.0
1989,1178.0554982710564,0.0
1990,1171.5632781904924,0.0
1991,1165.1068364935752,0.0
1992,1158.685976006962,0.0
1993,1152.3005006439228,0.0
1994,1145.9502153983606,0.0
1995,1139.6349263388427,0.0
1996,1133.3544406026867,0.0
1997,1127.1085663900747,0.0
1998,1120.8971129581842,0.0
1999,1114.719890615369,0.0
2000,1108.5767107153742,0.0
2001,1102.4673856515599,0.0
2002,1096.3917288511814,0.0
2003,1090.3495547696878,0.0
2004,1084.3406788850637,0.0
2005,1078.3649176921813,0.0
2006,1072.4220886972025,0.0
2007,1066.5120104120126,0.0
2008,1060.6345023486647,0.0
2009,1054.7893850138742,0.0
2010,1048.9764799035438,0.0
2011,1043.1956094972988,0.0
2012,1037.446597253076,0.0
2013,1031.7292676017255,0.0
2014,1026.0434459416595,0.0
2015,1020.3889586335066,0.0
2016,1014.7656329948154,0.0
2017,1009.1732972947879,0.0
2018,1003.6117807490208,0.0
2019,998.0809135142987,0.0
2020,992.5805266834111,0.0
2021,987.1104522799823,0.0
2022,981.6705232533518,0.0
2023,976.2605734734653,0.0
2024,970.8804377258125,0.0
2025,965.5299517063668,0.0
2026,960.2089520165762,0.0
2027,954.9172761583776,0.0
2028,949.6547625292218,0.0
2029,944.4212504171496,0.0
2030,939.2165799958743,0.0
2031,934.0405923199146,0.0
2032,928.8931293197242,0.0
2033,923.7740337968728,0.0
2034,918.6831494192511,0.0
2035,913.6203207162837,0.0
2036,908.5853930741881,0.0
2037,903.5782127312581,0.0
2038,898.5986267731574,0.0
2039,893.6464831282562,0.0
2040,888.7216305629844,0.0
2041,883.8239186772198,0.0
2042,878.953197899684,0.0
2043,874.109319483381,0.0
2044,869.2921355010587,0.0
2045,864.5014988406817,0.0
2046,859.7372632009428,0.0
2047,854.9992830868024,0.0
2048,850.2874138050323,0.0
2049,845.6015114598051,0.0
2050,840.9414329482973,0.0
2051,836.3070359563241,0.0
2052,831.6981789539833,0.0
2053,827.1147211913396,0.0
2054,822.5565226941302,0.0
2055,818.0234442594798,0.0
2056,813.5153474516557,0.0
2057,809.032094597844,0.0
2058,804.5735487839348,0.0
2059,800.1395738503502,0.0
2060,795.7300343878792,0.0
2061,791.3447957335522,0.0
2062,786.9837239665162,0.0
2063,782.6466859039525,0.0
2064,778.3335490970113,0.0
2065,774.0441818267594,0.0
2066,769.7784531001615,0.0
2067,765.5362326460858,0.0
2068,761.3173909113132,0.0
2069,757.1217990565907,0.0
2070,752.9493289526916,0.0
2071,748.7998531765096,0.0
2072,744.6732450071573,0.0
2073,740.5693784221014,0.0
2074,736.488128093319,0.0
2075,732.4293693834604,0.0
2076,728.3929783420496,0.0
2077,724.3788317016953,0.0
2078,720.3868068743326,0.0
2079,716.4167819474707,0.0
2080,712.4686356804737,0.0
2081,708.5422475008631,0.0
2082,704.6374975006263,0.0
2083,700.7542664325589,0.0
2084,696.8924357066286,0.0
2085,693.0518873863437,0.0
2086,689.2325041851565,0.0
2087,685.4341694628816,0.0
2088,681.6567672221361,0.0
2089,677.9001821047907,0.0
2090,674.1642993884507,0.0
2091,670.4490049829559,0.0
2092,666.7541854268886,0.0
2093,663.0797278841131,0.0
2094,659.4255201403338,0.0
2095,655.791450599659,0.0
2096,652.1774082811994,0.0
2097,648.583282815677,0.0
2098,645.0089644420572,0.0
2099,641.4543440041913,0.0
2100,637.9193129474863,0.0
2101,634.4037633155925,0.0
2102,630.9075877471004,0.0
2103,627.4306794722658,0.0
2104,623.9729323097508,0.0
2105,620.5342406633769,0.0
2106,617.1144995189021,0.0
2107,613.7136044408135,0.0
2108,610.331451569142,0.0
2109,606.9679376162828,0.0
2110,603.6229598638464,0.0
2111,600.2964161595227,0.0
2112,596.9882049139565,0.0
2113,593.6982250976486,0.0
2114,590.4263762378688,0.0
2115,587.1725584155917,0.0
2116,583.9366722624378,0.0
2117,580.7186189576444,0.0
2118,577.5183002250487,0.0
2119,574.3356183300813,0.0
2120,571.1704760767839,0.0
2121,568.0227768048455,0.0
2122,564.8924243866425,0.0
2123,561.7793232243085,0.0
2124,558.6833782468126,0.0
2125,555.6044949070596,0.0
2126,552.5425791789966,0.0
2127,549.4975375547451,0.0
2128,546.469277041748,0.0
2129,543.4577051599235,0.0
2130,540.4627299388446,0.0
2131,537.4842599149324,0.0
2132,534.5222041286574,0.0
2133,531.5764721217661,0.0
2134,528.6469739345156,0.0
2135,525.7336201029312,0.0
2136,522.8363216560676,0.0
2137,519.9549901132951,0.0
2138,517.0895374816008,0.0
2139,514.2398762528942,0.0
2140,511.4059194013395,0.0
2141,508.58758038069965,0.0
2142,505.78477312168775,0.0
2143,502.9974120293425,0.0
2144,500.2254119804124,0.0
2145,497.46868832075995,0.0
2146,494.7271568627702,0.0
2147,492.0007338827833,0.0
2148,489.28933611854063,0.0
2149,486.59288076663535,0.0
2150,483.9112854799879,0.0
2151,481.2444683653303,0.0
2152,478.5923479807075,0.0
2153,475.95484333298526,0.0
2154,473.3318738753797,0.0
2155,470.7233595050001,0.0
2156,468.129220560397,0.0
2157,465.549377819132,0.0
2158,462.9837524953613,0.0
2159,460.43226623742464,0.0
2160,457.8948411254557,0.0
2161,455.37139966900025,0.0
2162,452.8618648046545,0.0
2163,450.3661598937046,0.0
2164,447.8842087197908,0.0
2165,445.4159354865811,0.0
2166,442.96126481545133,0.0
2167,440.52012174318645,0.0
2168,438.0924317196936,0.0
2169,435.6781206057198,0.0
2170,433.2771146705919,0.0
2171,430.88934058996284,0.0
2172,428.5147254435756,0.0
2173,426.15319671303195,0.0
2174,423.8046822795792,0.0
2175,421.46911042191175,0.0
2176,419.146409813974,0.0
2177,416.8365095227863,0.0
2178,414.5393390062803,0.0
2179,412.2548281111399,0.0
2180,409.98290707066207,0.0
2181,407.72350650262473,0.0
2182,405.47655740717124,0.0
2183,403.2419911646977,0.0
2184,401.01973953376086,0.0
2185,398.80973464899563,0.0
2186,396.6119090190381,0.0
2187,394.42619552446746,0.0
2188,392.2525274157548,0.0
2189,390.0908383112279,0.0
2190,387.94106219503897,0.0
2191,385.8031334151512,0.0
2192,383.67698668133573,0.0
2193,381.56255706317376,0.0
2194,379.45977998807547,0.0
2195,377.3685912393108,0.0
2196,375.2889269540427,0.0
2197,373.22072362138124,0.0
2198,371.1639180804417,0.0
2199,369.11844751841875,0.0
2200,367.0842494686643,0.0
2201,365.06126180878084,0.0
2202,363.04942275872827,0.0
2203,361.0486708789309,0.0
2204,359.0589450684049,0.0
2205,357.08018456289363,0.0
2206,355.1123289330078,0.0
2207,353.15531808238296,0.0
2208,351.2090922458429,0.0
2209,349.27359198757705,0.0
2210,347.3487581993214,0.0
2211,345.4345320985554,0.0
2212,343.5308552267087,0.0
2213,341.6376694473721,0.0
2214,339.7549169445237,0.0
2215,337.88254022076603,0.0
2216,336.02048209556506,0.0
2217,334.1686857035077,0.0
2218,332.3270944925632,0.0
2219,330.4956522223591,0.0
2220,328.67430296245914,0.0
2221,326.86299109065794,0.0
2222,325.06166129128405,0.0
2223,323.2702585535064,0.0
2224,321.4887281696575,0.0
2225,319.7170157335609,0.0
2226,317.9550671388728,0.0
2227,316.202828577425,0.0
2228,314.4602465375848,0.0
2229,312.7272678026214,0.0
2230,311.003839449078,0.0
2231,309.2899088451567,0.0
2232,307.5854236491135,0.0
2233,305.89033180765585,0.0
2234,304.20458155435574,0.0
2235,302.52812140806725,0.0
2236,300.860900171357,0.0
2237,299.20286692893706,0.0
2238,297.55397104611166,0.0
2239,295.91416216723263,0.0
2240,294.2833902141584,0.0
2241,292.6616053847259,0.0
2242,291.0487581512321,0.0
2243,289.4447992589169,0.0
2244,287.8496797244625,0.0
2245,286.2633508344956,0.0
2246,284.6857641441021,0.0
2247,283.11687147534457,0.0
2248,281.55662491579204,0.0
2249,280.0049768170591,0.0
2250,278.4618797933472,0.0
2251,276.92728671999896,0.0
2252,275.40115073206096,0.0
2253,273.8834252228492,0.0
2254,272.374063842528,0.0
2255,270.8730204966932,0.0
2256,269.3802493449668,0.0
2257,267.89570479959406,0.0
2258,266.41934152405236,0.0
2259,264.9511144316687,0.0
2260,263.4909786842395,0.0
2261,262.0388896906634,0.0
2262,260.59480310557825,0.0
2263,259.1586748280093,0.0
2264,257.73046100001903,0.0
2265,256.3101180053692,0.0
2266,254.89760246819094,0.0
2267,253.49287125165634,0.0
2268,252.095881456663,0.0
2269,250.70659042052554,0.0
2270,249.3249557156694,0.0
2271,247.95093514833746,0.0
2272,246.58448675730006,0.0
2273,245.22556881257609,0.0
2274,243.87413981415517,0.0
2275,242.53015849073202,0.0
2276,241.19358379844735,0.0
2277,239.8643749196317,0.0
2278,238.54249126156026,0.0
2279,237.2278924552146,0.0
2280,235.92053835404715,0.0
2281,234.6203890327567,0.0
2282,233.3274047860686,0.0
2283,232.04154612752393,0.0
2284,230.76277378827066,0.0
2285,229.49104871586607,0.0
2286,228.22633207308536,0.0
2287,226.96858523673262,0.0
2288,225.71776979646322,0.0
2289,224.47384755361196,0.0
2290,223.23678052002322,0.0
2291,222.00653091689372,0.0
2292,220.78306117361691,0.0
2293,219.56633392663795,0.0
2294,218.3563120183099,0.0
2295,217.15295849576003,0.0
2296,215.9562366097631,0.0
2297,214.76610981361588,0.0
2298,213.58254176202334,0.0
2299,212.40549630998746,0.0
2300,211.2349375117054,0.0
2301,210.07082961946864,0.0
2302,208.91313708257346,0.0
2303,207.76182454623572,0.0
2304,206.61685685050892,0.0
2305,205.47819902921185,0.0
2306,204.34581630886174,0.0
2307,203.21967410761007,0.0
2308,202.0997380341879,0.0
2309,200.98597388685496,0.0
2310,199.87834765235672,0.0
2311,198.77682550488316,0.0
2312,197.68137380503708,0.0
2313,196.59195909880802,0.0
2314,195.50854811654798,0.0
2315,194.43110777195685,0.0
2316,193.35960516107312,0.0
2317,192.29400756126648,0.0
2318,191.2342824302404,0.0
2319,190.18039740503707,0.0
2320,189.13232030105112,0.0
2321,188.0900191110442,0.0
2322,187.0534620041685,0.0
2323,186.02261732499616,0.0
2324,184.9974535925499,0.0
2325,183.97793949934305,0.0
2326,182.9640439104244,0.0
2327,181.95573586242514,0.0
2328,180.952984562615,0.0
2329,179.95575938796065,0.0
2330,178.96402988419254,0.0
2331,177.97776576487217,0.0
2332,176.9969369104686,0.0
2333,176.02151336743955,0.0
2334,175.05146534731446,0.0
2335,174.0867632257863,0.0
2336,173.12737754180625,0.0
2337,172.1732789966852,0.0
2338,171.22443845319697,0.0
2339,170.28082693468951,0.0
2340,169.34241562420132,0.0
2341,168.40917586357872,0.0
2342,167.48107915260218,0.0
2343,166.55809714811699,0.0
2344,165.6402016631653,0.0
2345,164.72736466612693,0.0
2346,163.81955827986266,0.0
2347,162.9167547808641,0.0
2348,162.01892659840502,0.0
2349,161.12604631370053,0.0
2350,160.23808665907058,0.0
2351,159.3550205171053,0.0
2352,158.476820919838,0.0
2353,157.6034610479222,0.0
2354,156.73491422981104,0.0
2355,155.8711539409438,0.0
2356,155.01215380293533,0.0
2357,154.15788758277182,0.0
2358,153.30832919200753,0.0
2359,152.46345268596926,0.0
2360,151.62323226296485,0.0
2361,150.78764226349344,0.0
2362,149.9566571694626,0.0
2363,149.13025160341022,0.0
2364,148.3084003277274,0.0
2365,147.49107824388918,0.0
2366,146.67826039168727,0.0
2367,145.86992194846903,0.0
2368,145.0660382283777,0.0
2369,144.26658468159943,0.0
2370,143.47153689361426,0.0
2371,142.68087058444868,0.0
2372,141.89456160793597,0.0
2373,141.1125859509774,0.0
2374,140.33491973281045,0.0
2375,139.56153920427778,0.0
2376,138.79242074710274,0.0
2377,138.0275408731691,0.0
2378,137.2668762238018,0.0
2379,136.51040356905446,0.0
2380,135.75809980700112,0.0
2381,135.0099419630288,0.0
2382,134.26590718913695,0.0
2383,133.52597276323928,0.0
2384,132.79011608847097,0.0
2385,132.05831469249665,0.0
2386,131.33054622682533,0.0
2387,130.6067884661285,0.0
2388,129.88701930755983,0.0
2389,129.1712167700809,0.0
2390,128.45935899379074,0.0
2391,127.75142423925685,0.0
2392,127.04739088685197,0.0
2393,126.34723743609375,0.0
2394,125.65094250498888,0.0
2395,124.95848482937862,0.0
2396,124.26984326229025,0.0
2397,123.58499677329205,0.0
2398,122.90392444784936,0.0
2399,122.22660548668685,0.0
2400,121.55301920515393,0.0
2401,120.88314503259157,0.0
2402,120.21696251170515,0.0
2403,119.55445129793921,0.0
2404,118.89559115885714,0.0
2405,118.2403619735217,0.0
2406,117.58874373188152,0.0
2407,116.94071653416053,0.0
2408,116.29626059024886,0.0
2409,115.65535621909949,0.0
2410,115.01798384812656,0.0
2411,114.38412401260888,0.0
2412,113.75375735509382,0.0
2413,113.12686462480696,0.0
2414,112.50342667706485,0.0
2415,111.88342447268903,0.0
2416,111.26683907742526,0.0
2417,110.65365166136593,0.0
2418,110.04384349837363,0.0
2419,109.43739596551029,0.0
2420,108.83429054246788,0.0
2421,108.23450881100388,0.0
2422,107.63803245437717,0.0
2423,107.04484325678968,0.0
2424,106.45492310283046,0.0
2425,105.86825397692138,0.0
2426,105.28481796276738,0.0
2427,104.70459724281015,0.0
2428,104.12757409768263,0.0
2429,103.55373090566876,0.0
2430,102.9830501421648,0.0
2431,102.41551437914521,0.0
2432,101.85110628462895,0.0
2433,101.28980862215089,0.0
2434,100.73160425023607,0.0
2435,100.17647612187491,0.0
2436,99.62440728400325,0.0
2437,99.07538087698529,0.0
2438,98.52938013409748,0.0
2439,97.98638838101718,0.0
2440,97.44638903531315,0.0
2441,96.90936560593993,0.0
2442,96.37530169273299,0.0
2443,95.84418098590847,0.0
2444,95.31598726556582,0.0
2445,94.79070440119104,0.0
2446,94.26831635116507,0.0
2447,93.74880716227337,0.0
2448,93.23216096921956,0.0
2449,92.7183619941398,0.0
2450,92.20739454612144,0.0
2451,91.69924302072438,0.0
2452,91.19389189950357,0.0
2453,90.69132574953535,0.0
2454,90.19152922294707,0.0
2455,89.694487056447,0.0
2456,89.20018407085898,0.0
2457,88.70860517065866,0.0
2458,88.21973534351298,0.0
2459,87.73355965982088,0.0
2460,87.25006327225765,0.0
2461,86.76923141532224,0.0
2462,86.29104940488523,0.0
2463,85.8155026377408,0.0
2464,85.34257659116142,0.0
2465,84.87225682245325,0.0
2466,84.40452896851583,0.0
2467,83.93937874540293,0.0
2468,83.47679194788725,0.0
2469,83.01675444902534,0.0
2470,82.55925219972691,0.0
2471,82.10427122832611,0.0
2472,81.65179764015399,0.0
2473,81.20181761711459,0.0
2474,80.75431741726334,0.0
2475,80.30928337438672,0.0
2476,79.86670189758527,0.0
2477,79.42655947085828,0.0
2478,78.98884265269174,0.0
2479,78.55353807564681,0.0
2480,78.1206324459522,0.0
2481,77.69011254309845,0.0
2482,77.26196521943346,0.0
2483,76.8361773997613,0.0
2484,76.41273608094349,0.0
2485,75.99162833150078,0.0
2486,75.57284129121908,0.0
2487,75.15636217075625,0.0
2488,74.7421782512523,0.0
2489,74.33027688393977,0.0
2490,73.92064548975827,0.0
2491,73.51327155897047,0.0
2492,73.10814265077934,0.0
2493,72.70524639294881,0.0
2494,72.30457048142547,0.0
2495,71.90610267996365,0.0
2496,71.50983081975072,0.0
2497,71.11574279903587,0.0
2498,70.72382658276106,0.0
2499,70.3340702021926,0.0
